140
16359931
2596904
1215180
18750038
169063
18505793
14281824
18889932
19578813
18386075
14450487
16848508
18449136
4545298
13195493
16837764
5080397
15965980
3954385
14964764
2094981
18779803
17416534
16221732
9711409
740942
2828150
10489498
7310835
7861852
2074834
19900022
8010585
11159707
4004656
17312373
5569167
13646479
15186807
16497663
9790660
19743844
18390107
18391782
13347597
17941573
11008953
14180715
14090834
18119037
18963209
19339699
3633634
15990572
2081265
3560704
15328939
9855043
19385763
7498271
14659616
16294029
19334916
6070550
9238270
4766618
13246663
6146081
19326235
18728282
19788213
16288579
19873106
4658579
7923289
6487317
9691204
13722269
12311744
7607131
13603093
995558
10977203
14651111
20003839
19487518
3288965
12705303
16598311
3174292
7577566
5825151
15460300
4208719
2343781
2809407
5361094
14026335
2265315
14501861
19005272
4555470
9380474
14238785
4728016
13201693
14965978
16014222
13673459
3123710
4918092
17940607
17299974
13261922
15464241
5823303
1006170
2670564
15005737
7556814
19825152
16939794
11202706
1426452
7250983
16445161
1396159
19180465
10534417
9323657
13205376
7240505
991396
19549756
17093271
14943737
9241956
9292615
855542
18354749
705
19243851
10342014
17712465
2473110
19558263
19097112
9120237
18255869
13917278
3084180
13655879
3413309
19422870
2942099
3771909
1363737
3007213
5772257
5517755
13757845
19772222
19136931
13784183
17121276
7967829
6698158
6252660
14173254
19241811
14413014
17581256
15977444
13809076
14487507
11488354
19918308
6208864
9590851
4641042
13780360
3043173
19564233
13836073
7149710
15984234
4871032
13656300
19343639
13185863
4881872
17037836
10743833
6709867
16134084
11786629
2348467
1228619
15075239
16082704
7174695
9245447
4736496
13103377
14018506
14057660
9424430
16942732
15786290
12898987
13432983
14320625
9511684
18965227
9000227
17962472
16527719
681361
16381528
14905394
19850731
2887015
14076971
27883
9264731
7995091
12169903
13600701
12844349
15964431
8455484
8375703
4034745
15198835
19666119
2877415
2475883
15046711
16616820
8591991
9855447
2053260
10324826
16669062
312437
18265387
10031678
18977139
13147687
18891659
8902703
14832329
15564139
2232697
9798518
13360024
1530250
6821750
16601386
6924876
12387169
5593679
18790146
2373085
18903864
2088756
8075826
17772864
2154313
3091872
534897
2283775
18273734
2843303
111270
8501038
17218264
4703621
271279
9391206
5929758
6354268
16404762
14867152
13713117
5973442
9484622
10893095
16096253
1778272
893684
18926057
15985557
2855846
15965055
19840598
10483086
2264111
12498161
12998626
8301105
249414
5858370
12384830
17652158
7429135
18934306
3836027
17701340
4384820
11519741
11612370
13760097
11597167
13863496
11310824
12899058
19836986
4285600
2823912
9629551
8866675
5931103
3248048
17735614
11449550
8029807
6658466
6269027
777297
381421
18794243
5103802
4963795
9542157
2490643
15854732
19571227
14319203
16215908
15295517
19396693
9984102
5995477
15888448
16935810
11668771
12852979
5938461
9623932
9276447
15546063
645075
7122067
5246644
12361097
3888024
14991344
19651338
9885720
12212943
15775163
4171692
10113155
4810148
5996354
15936954
15285902
7053165
15046317
8354416
15675252
4488115
16341223
16303959
14707391
16334763
7140820
2394848
10765602
12307167
17764982
14866856
17429789
19992266
12004744
9969898
17108306
11731216
19169354
3549798
18297108
15021412
11789606
7620114
1428359
7325303
2696101
1735137
8836282
15937446
7709435
8485571
2512856
2793546
6104187
13529965
6574595
13498867
11351798
11542615
10758212
13996341
618842
7468775
19965749
19383162
10390452
179149
15600428
19044895
4529699
15219384
12217790
19672457
1261875
14852380
2577927
15899047
3390980
16392946
6906252
5233226
19223681
12732538
3400542
4864952
16583928
16017138
5924822
14066448
16359922
7923519
13372554
16879598
11035725
13340778
20058821
3309943
14824160
1041781
13373824
12318135
9586032
1469724
927680
5928732
19201457
11225543
7484571
3301997
2262148
6576501
19670113
2529502
13935509
6921529
5307851
8663222
11118127
18017272
4456004
10149393
14301951
16011968
11101525
501098
768778
10828230
1315753
16009915
14350940
7807792
17246934
13878758
2773759
4966507
4102936
484709
6918266
2751613
20003881
18869893
15089884
17299093
13271126
16150433
8485057
6652768
146390
919189
17837842
17035869
5880805
8206548
3127839
18333361
398281
12532095
2446365
14755376
4454223
13805555
17738513
11692615
4788415
19270084
2769201
2191682
13899423
14308694
531851
4382520
747316
16214500
19802824
17430505
11979681
6444115
12873403
2322500
806764
18689804
7448131
8622301
18515911
6624330
13701374
20039289
15228511
14415904
1286113
7006910
18907303
19574956
18660596
18596546
11131065
18496331
2968655
19975443
14134494
5584412
13929054
7217028
16534157
8878423
3816397
14037488
751766
16613394
6352686
2878632
10766879
15226691
13149476
5683505
15582683
19766791
15350468
8051553
19288483
13346113
12081755
612563
5860876
18438001
7540025
9984554
2210041
16053150
19992212
19955703
19512842
19673182
19852578
19207453
3774271
5367026
17254045
14172851
10713328
13055684
86525
9116734
4473156
3795308
5419405
3407200
18533975
307154
14351801
15288638
19604151
241636
6988905
6761603
3952328
1911090
6791951
13655890
10115372
11196475
417654
16113057
19716905
17246381
11220643
1276348
3108026
16213238
11254716
1033888
13082664
19871259
19455098
18090432
7525662
2256979
9547236
8966869
8796694
14668043
16310293
19927125
18561753
7383173
18285574
19468125
1974182
18119167
18059589
10103643
10219043
13123570
13695623
15518009
19323634
3359075
18960496
16659299
9163488
19054001
2701160
18236661
7027989
2560365
17941433
11591497
11574051
17225025
19896604
13633243
17830279
2055614
2972783
7944376
17975638
14440179
13435614
17984523
13554330
4263722
12333456
17606927
9459435
3575918
17971320
14042437
8286082
11302521
2125004
235951
5470350
17138147
16865916
9773236
11034794
15235395
639199
10134223
3384062
19496156
14218115
19978735
4862124
12322156
6483106
19281648
15177338
1690594
8449772
9546265
17793258
3518461
19443535
6881776
6292850
3600137
653771
18503661
17441345
13887920
14114135
7575891
987049
1528827
2429913
14280624
42580
17184974
13580757
17567808
15545274
5735314
9485825
8769454
6316005
1344387
13333916
17343573
15608918
12146466
143855
3516557
14064783
17442595
4791640
2869015
13582737
1489590
9449433
3903463
11355476
19708887
474968
10903082
19744028
527267
18226267
19579859
19549450
17071025
5767890
6187382
10916678
16157387
12537221
17712542
2851021
16374702
18909494
3292176
16073809
1205449
5541201
3675158
16294384
18401015
4827827
10537712
14689860
7137381
17109022
13907229
9235998
10530612
13738017
9044611
5728806
16558602
1090943
16788336
14727400
5173521
14470745
3527543
9357243
13151465
16081566
4149260
3248864
19546828
18123503
14442052
1107220
19982540
12047252
590216
14046933
3234744
7801612
11650840
17924469
17568598
6854221
5075441
19650003
14689935
15043870
8319966
11298300
2814039
11695922
3591756
16617569
17735734
13157014
16142332
4469650
2869451
16100219
81453
19146406
19524092
17858568
18152294
4628571
7367039
18175507
16439003
15456694
12804963
7023173
11227489
4506842
6919225
19585239
172499
17959702
20011999
12446798
4120122
243708
1976573
4330251
950
2771587
17825164
14066864
5621141
2841247
15022102
797972
953314
2358179
12084272
19766016
2276592
19421406
278113
4191941
3808709
6884254
12660514
13553836
13212181
4050087
18698820
13631814
11466390
19167933
13720248
19117300
14243657
1980897
19637911
15428588
7683742
13713135
6542767
9650308
16448637
16481497
16992099
13163466
10777369
14532031
14227537
17431234
16599528
8615681
6881310
4020431
1242775
15146439
10562085
9842117
6260475
13467433
13482331
12888658
11040027
18790445
19169701
4412479
2170310
1169278
16789299
13508968
7713509
1141583
11996600
13477118
5158254
6425850
18382445
224807
6734792
11498629
4267594
18846653
13292657
560992
19169672
9675789
12230173
15506057
19715058
17189694
15433617
19133567
3335366
15703136
15529111
6933768
845514
18548561
11051787
14021755
13819843
7665771
9427259
19575372
19886858
8750772
5317871
6445363
18489380
14345741
4854536
5806273
14769183
19030382
3322805
14915099
2190651
9728223
19112202
9704022
19763657
9060448
4311648
5732215
17372428
17329054
18304948
2038307
14892246
1656032
6628117
6757318
6536744
7014460
15808618
11065633
4108069
19357880
5953548
15393804
13298983
11902591
2797634
9428684
12882625
16601191
5561046
12242716
13272750
7045139
3911725
14070287
181940
3046414
15030338
16146066
12084205
18400638
8741297
16674914
1439162
8867383
9888174
19805732
13623747
9901390
18220070
18937182
1606640
17083608
10681986
8180776
4005842
19830738
3143426
13257689
15928315
7145874
19068469
11984762
10262473
18269478
19665782
4969673
17138191
13681156
15505278
10706591
16038229
19568453
16586833
3493343
17832970
19412887
2108506
3227891
14683301
14844734
13725330
18500336
6255855
19744547
1444826
4275987
133025
16308860
801690
12927905
18502077
9249406
16584502
17944754
3088908
1166339
539828
13623361
12641534
7103994
2118108
1826605
174650
4829235
19429287
20030333
19317831
2213213
19483307
18613432
15439423
12246634
6488280
13020187
7197556
17991872
7630302
8996685
16123787
11971334
20024680
17880245
13146881
11057497
19302995
17820980
8932120
2026749
16401975
7412094
5877880
9032243
2716298
18031944
1684535
19347982
15631959
18943642
17606358
14899955
1621081
2527936
4693604
17046562
6038828
17494978
7618270
17020834
19093046
4936612
6873516
20024457
481440
6795252
16332224
68900
2822990
2383561
19693207
6237286
16112127
18022038
15805091
19888542
18380909
3800777
9773852
19592478
2671737
15672772
18635437
8195260
6808526
10325523
13768719
6730056
16649118
19522085
12670699
19716424
6462454
5925610
11095683
11817473
16830627
12951018
8917128
3152014
4707285
4405156
13515087
7523412
9338130
1892855
19632260
18321415
442636
18287666
13231583
15304693
17554238
4143409
8824912
2913652
9653005
2944783
14951017
18470306
10209654
15305958
3687952
17281347
17386367
6983080
11868298
16096706
19141833
12895508
3781682
457208
528367
3307029
11502886
13957033
3976021
3509591
13705441
6267533
12995211
2439069
13408600
13088646
19960905
19716385
10773150
287266
3209308
19610503
19620139
18566802
325819
18644036
11434982
17426037
19218869
19804935
17449600
17135736
4928846
19995314
19280601
8209210
12126984
19153017
10534179
19972689
17493532
13942324
18495861
17296436
1082036
2215017
10072678
16608804
3493048
6004786
9412276
15014376
9505387
6777408
9474516
4772497
11921356
18124627
1362466
2718215
2485267
1238185
4430347
10306300
14520743
7283217
15334317
7789408
197763
1196619
15005103
19424900
3021887
6137110
17915423
19635318
18506376
19110322
2365066
4450020
14793503
6316666
11703264
6921080
14179231
6639587
16058787
3455737
1248033
5676045
19462834
17796480
7217483
1738369
6711330
15085230
13706148
2897494
7666861
19769783
7478926
19700369
4771539
8162050
2565071
18981365
13642438
16171868
19732713
15273936
6633613
7679091
17646323
7232741
13807627
17603389
16011752
20007876
4047592
7276117
4293304
4161013
19217047
57468
6274228
15003711
3528472
14645269
3484030
19429764
3284230
17681284
15292204
13931542
992891
2127713
18387001
17252012
1159040
7970811
17437023
8998738
1218003
16241281
2834656
3055095
19978566
1191035
4108799
15773794
8530775
5587216
17210930
6430611
15434711
16193127
577824
19566208
15374106
703829
10448439
752616
18324099
10516588
6239396
11197611
1591667
6554200
3134752
13856404
18394992
16717037
13511865
13448948
15997880
19206079
19615696
4450755
1361778
12501945
16377359
15540687
14159602
8820477
18223604
14311144
19078114
15282098
18586631
18108416
8068958
17550652
16503231
12625717
15857639
5654819
9768360
19117872
6441458
16202962
4126858
4365276
17149311
13919213
19686688
7424972
16713463
2922121
5810710
4628656
6510651
14987516
1989731
19891551
11711086
10105477
16061883
18166166
10307009
7045262
19030481
5665202
14046126
12887417
18051547
9880872
9131258
1783990
11675368
12085264
795299
13274608
1160006
1871420
8098925
7195469
19307532
16105023
7087463
14126586
18379773
8089402
11693448
17536158
9870150
19992169
15216819
11583678
9027821
2585085
2091367
4942200
6687070
11865015
6659103
993040
19937234
12077268
10881950
11970017
17871175
7261460
19484825
977961
747344
18528778
1180022
2751371
3207018
14009768
15598303
19648287
7749818
11057797
18477009
9773892
9643824
18871082
16532171
19385288
10181897
253956
10166883
9894741
471562
16129426
19160912
1367775
12750923
16596903
9679278
19779637
17950032
216759
15364738
18580609
3777374
2132554
8289096
18182497
16360002
13353590
13136552
10559802
17744663
19083269
14214509
8782401
9592198
11910257
3537295
10984215
3420648
19012938
2174130
7483049
13293574
20092212
11946206
9459171
278815
2976805
18981582
16828918
2636566
928229
18468504
5019373
9031272
11151111
2631248
2381793
11122880
780909
2614924
20049006
16519736
1906230
15884364
19713953
15717891
9256080
1209944
16903971
8503283
17485964
12220661
2307489
18143096
1866128
18567589
19721441
5247293
17106903
556392
4632052
16765283
6081198
9974660
7216355
12139952
6445272
2243924
2173854
5166579
3519859
8713349
10699318
18557161
7241702
4441290
6342971
19920874
17186770
16334584
18721657
3296470
13036886
9725973
5893435
1136399
1961361
19708670
4319179
17694435
17902897
12561923
11787506
12271309
11490601
1374078
10309777
980098
8388388
4017226
13762397
8676131
14922276
4081926
17108224
16312388
20611
8297490
13842791
9955800
16334947
4111746
16686504
1843772
19749232
18455220
10409725
14628297
3698965
7613937
2054141
6538390
14582688
19725248
15867405
9191486
12901513
19671417
9546267
9370538
10279086
6099799
16989205
13382651
278145
4411140
3027253
15160222
3749631
3045284
14842843
18083652
19818748
6792411
18232175
3501815
1013181
13639276
5095781
19065663
17569375
4706220
16463678
15750000
2744837
7642617
19428367
15866751
17845213
14419516
18287688
1307606
13742434
15921087
7979200
5183784
2025095
17634637
13603263
19920463
12786417
6905239
3082468
19757423
6607833
19565556
8045552
599336
2616142
19445371
19280804
15250268
2347317
5509001
18935707
518742
2821628
6607778
17022624
17592709
9916371
8250915
1198231
13040221
15956162
16389777
4787201
10273462
18137968
4688145
5260172
13443709
16302359
5712538
4753866
15112823
9785555
5078828
10226501
13410904
9330154
4937904
3567686
17434335
18040417
15188738
12124814
13292817
12525139
721663
11254916
14221975
13669810
14412534
19564384
19316757
7568393
526632
7407225
5677276
13389668
13893853
13949266
380752
11842166
12113015
17510295
10109798
17262811
18390995
236671
11669234
8122625
16537113
9955886
4952101
5029134
9758378
19123055
19859586
6044268
849313
12097953
19046376
4587039
15942713
19802840
1327141
19445087
7704653
15617032
15996701
16360417
9215155
1849726
106363
19694308
2232186
1115381
7814553
16358748
18739984
1031559
4041383
2061881
7003697
18014194
1561738
16060799
16203836
14554060
17937573
19724830
16425072
15445372
20024805
14603651
766477
12797684
4497498
5477344
18141384
2928305
7900575
16156380
17149613
18800753
16504256
15672148
2111242
19322670
15988992
17970740
19555769
18268653
15915176
19889654
6193731
13584203
17413186
3337769
19766852
16867031
18811729
12969467
14461482
19373778
17386338
6658372
19387598
12851552
861721
6324673
1230956
5343821
9133502
568425
13365686
500
19918695
10406479
17728537
5260835
17472887
8249657
16066852
18446545
8646169
12485517
593962
17472879
17829270
18329305
18481748
7392235
1307478
3089696
16945834
9504898
553565
9481611
16586135
9809709
10590139
7147394
15966074
19339986
19242154
412379
1781457
7291604
9184982
187570
5370632
79067
18308175
10730227
13387053
4388341
3197618
3810613
7141972
6643811
20012906
8974121
14424391
9691588
18601264
3540280
12885777
3981427
5936796
5867906
16218094
19286569
1990201
9329425
875460
13339263
15419574
17105513
6364932
17118660
6759483
1114053
8959049
13161524
6893681
13987916
16036518
12624669
9787491
7107928
5311057
5926031
1301175
17279707
867998
1077562
3584785
7691534
14355261
1730873
20050430
2686118
11710116
19153772
9377679
10227474
18572796
80700
19227892
18116847
6878218
6913787
9378789
18239154
14102176
17134708
16274306
15663663
13982308
18150195
17415626
12400156
5478901
6770854
691931
15310580
19784277
487806
5757362
2323778
6819906
2584265
1138867
1223128
2604924
9861124
11388861
3556574
7047115
3743830
14914505
512628
9990200
7361539
7912525
13813674
16254746
16600462
14495422
588248
19763298
7502146
18982617
5018175
5267624
9957412
18949466
19744235
11904345
17209549
3518682
18302275
6210881
15570233
3129986
5285964
10247212
4198077
6447260
13972410
573334
10996816
17681741
17471373
14023757
4799049
1365028
16366287
14913909
1252254
18765810
1567740
7976611
5294056
16062813
489160
18532110
17181838
7449449
4981592
12117690
19153436
2356714
11421608
15664513
3068484
3069338
4772627
4784252
18490567
6630611
4421966
19134755
16023497
18471052
17903512
13916941
3104338
11988452
4748281
17699481
19212838
16239003
19506775
19093566
2996435
13866682
2912336
13776341
2107696
3344177
19638731
15653397
2974433
14242184
7614839
13254046
515552
14665975
2447245
5639483
5906363
12207740
261044
19856359
16868142
8145708
2766889
18033562
19501225
16664997
12829031
16587776
4252539
1692403
13346741
15162776
16034683
19029645
17674400
8248034
990130
5974304
17238030
1102858
151199
18208886
2545699
14621206
9289745
16162148
5734824
19650962
14603203
5184327
19522861
385853
12425157
6051044
8405555
2799051
15922886
7833439
3439664
13623618
6923506
13829908
19220472
5261712
11046693
6344938
3006689
10832934
16423491
19804231
1419931
9624125
19444226
19507696
18641677
18170263
17307457
18663381
9025070
12384496
13108105
17045913
15309572
19343326
11382221
16889521
19070392
5271019
19023189
6478459
11946809
401579
19597294
2661098
9749083
19828065
17919938
15857972
14272657
5658958
4833305
12816907
8786228
13843219
7466464
3673994
17511634
17207266
12526962
4197131
18487209
5239789
19521714
18993758
6856326
18853160
16993845
17368209
16301464
17995252
10467370
4579808
14066397
3573085
18628456
13838837
16821594
283072
19465738
9750406
2840267
19321422
12003722
2446430
7217875
13779593
14353820
14927854
12082511
19332454
1097289
609559
13723230
6659165
13596993
6130778
4260098
17145281
12700644
8941366
510983
6251056
14219258
17544697
19413700
2946172
13183672
13612005
9788114
7575659
12279419
14218795
10724112
7379154
2177764
8368900
9398827
18074556
19731768
14075135
4706241
17574985
19264368
811015
13398340
3582509
12674720
19636146
985457
18239876
6613154
1257977
702205
19182207
4058636
17769904
19078499
9170772
2246099
19647194
14229136
17665016
4191080
499778
13213115
17109500
1972828
2575438
9539912
778555
7093420
9164998
418716
9424797
4421007
16466518
16183731
19236269
1984261
14241453
441760
11963770
13671936
16148036
18205804
6542124
6271152
1345529
6594661
302057
7770058
1280412
13454428
19636977
10350263
10172910
19490750
17040247
12522024
19636096
5676676
6658761
17375020
15326317
10317334
12082141
2592888
6038470
9194876
14498758
19758750
63373
14857489
14124648
16061054
12940868
15002717
6869235
1205169
6445371
6013186
2288838
297962
13089573
8320443
4846138
11657233
6921984
1628564
16780632
9249776
13336446
17934757
18084214
15997137
17259632
867769
16683221
1603801
10645879
16515369
15262420
17702001
1455887
7199258
239506
6927059
6071153
19503674
13764490
8632244
17920455
3641359
8327302
9710712
756786
6285946
6330746
13459691
17352269
13505095
17454918
19094722
18306329
17274017
11548600
9666380
12650830
11850083
6128150
13540233
FIM
