6000
4290340
1507845
1344446
14164153
4514887
4195677
5849643
1644053
19364241
2845605
1387167
19991055
5240849
1860095
3173412
8698250
19414470
7358687
19899950
12712334
7002149
3434284
8844261
16330409
13654667
2771587
17825164
14066864
5621141
2841247
15022102
797972
953314
2358179
12084272
19766016
2276592
19421406
278113
4191941
3808709
6884254
12660514
13553836
13212181
4050087
18698820
13631814
11466390
19167933
13720248
19117300
14243657
1980897
19637911
15428588
7683742
13713135
6542767
9650308
16448637
16481497
16992099
13163466
10777369
14532031
14227537
17431234
16599528
8615681
6881310
4020431
1242775
15146439
10562085
9842117
6260475
13467433
13482331
12888658
11040027
18790445
19169701
4412479
2170310
1169278
16789299
13508968
7713509
1141583
11996600
13477118
5158254
6425850
18382445
224807
6734792
11498629
4267594
18846653
13292657
560992
19169672
9675789
12230173
15506057
19715058
17189694
15433617
19133567
3335366
15703136
15529111
6933768
845514
18548561
11051787
14021755
13819843
7665771
9427259
19575372
19886858
8750772
5317871
6445363
18489380
14345741
4854536
5806273
14769183
19030382
3322805
14915099
2190651
9728223
19112202
9704022
19763657
9060448
4311648
5732215
17372428
17329054
18304948
2038307
14892246
1656032
6628117
6757318
6536744
7014460
15808618
11065633
4108069
19357880
5953548
15393804
13298983
11902591
2797634
9428684
12882625
16601191
5561046
12242716
13272750
7045139
3911725
14070287
181940
3046414
15030338
16146066
12084205
18400638
8741297
16674914
1439162
8867383
9888174
19805732
13623747
9901390
18220070
18937182
1606640
17083608
10681986
8180776
4005842
19830738
3143426
13257689
15928315
7145874
19068469
11984762
10262473
18269478
19665782
4969673
17138191
13681156
15505278
10706591
16038229
19568453
16586833
3493343
17832970
19412887
2108506
3227891
14683301
14844734
13725330
18500336
6255855
19744547
1444826
4275987
133025
16308860
801690
12927905
18502077
9249406
16584502
17944754
3088908
1166339
539828
13623361
12641534
7103994
2118108
1826605
174650
4829235
19429287
20030333
19317831
2213213
19483307
18613432
15439423
12246634
6488280
13020187
7197556
17991872
7630302
8996685
16123787
11971334
20024680
17880245
13146881
11057497
19302995
17820980
8932120
2026749
16401975
7412094
5877880
9032243
2716298
18031944
1684535
19347982
15631959
18943642
17606358
14899955
1621081
2527936
4693604
17046562
6038828
17494978
7618270
17020834
19093046
4936612
6873516
20024457
481440
6795252
16332224
68900
2822990
2383561
19693207
6237286
16112127
18022038
15805091
19888542
18380909
3800777
9773852
19592478
2671737
15672772
18635437
8195260
6808526
10325523
13768719
6730056
16649118
19522085
12670699
19716424
6462454
5925610
11095683
11817473
16830627
12951018
8917128
3152014
4707285
4405156
13515087
7523412
9338130
1892855
19632260
18321415
442636
18287666
13231583
15304693
17554238
4143409
8824912
2913652
9653005
2944783
14951017
18470306
10209654
15305958
3687952
17281347
17386367
6983080
11868298
16096706
19141833
12895508
3781682
457208
528367
3307029
11502886
13957033
3976021
3509591
13705441
6267533
12995211
2439069
13408600
13088646
19960905
19716385
10773150
287266
3209308
19610503
19620139
18566802
325819
18644036
11434982
17426037
19218869
19804935
17449600
17135736
4928846
19995314
19280601
8209210
12126984
19153017
10534179
19972689
17493532
13942324
18495861
17296436
1082036
2215017
10072678
16608804
3493048
6004786
9412276
15014376
9505387
6777408
9474516
4772497
11921356
18124627
1362466
2718215
2485267
1238185
4430347
10306300
14520743
7283217
15334317
7789408
197763
1196619
15005103
19424900
3021887
6137110
17915423
19635318
18506376
19110322
2365066
4450020
14793503
6316666
11703264
6921080
14179231
6639587
16058787
3455737
1248033
5676045
19462834
17796480
7217483
1738369
6711330
15085230
13706148
2897494
7666861
19769783
7478926
19700369
4771539
8162050
2565071
18981365
13642438
16171868
19732713
15273936
6633613
7679091
17646323
7232741
13807627
17603389
16011752
20007876
4047592
7276117
4293304
4161013
19217047
57468
6274228
15003711
3528472
14645269
3484030
19429764
3284230
17681284
15292204
13931542
992891
2127713
18387001
17252012
1159040
7970811
17437023
8998738
1218003
16241281
2834656
3055095
19978566
1191035
4108799
15773794
8530775
5587216
17210930
6430611
15434711
16193127
577824
19566208
15374106
703829
10448439
752616
18324099
10516588
6239396
11197611
1591667
6554200
3134752
13856404
18394992
16717037
13511865
13448948
15997880
19206079
19615696
4450755
1361778
12501945
16377359
15540687
14159602
8820477
18223604
14311144
19078114
15282098
18586631
18108416
8068958
17550652
16503231
12625717
15857639
5654819
9768360
19117872
6441458
16202962
4126858
4365276
17149311
13919213
19686688
7424972
16713463
2922121
5810710
4628656
6510651
14987516
1989731
19891551
11711086
10105477
16061883
18166166
10307009
7045262
19030481
5665202
14046126
12887417
18051547
9880872
9131258
1783990
11675368
12085264
795299
13274608
1160006
1871420
8098925
7195469
19307532
16105023
7087463
14126586
18379773
8089402
11693448
17536158
9870150
19992169
15216819
11583678
9027821
2585085
2091367
4942200
6687070
11865015
6659103
993040
19937234
12077268
10881950
11970017
17871175
7261460
19484825
977961
747344
18528778
1180022
2751371
3207018
14009768
15598303
19648287
7749818
11057797
18477009
9773892
9643824
18871082
16532171
19385288
10181897
253956
10166883
9894741
471562
16129426
19160912
1367775
12750923
16596903
9679278
19779637
17950032
216759
15364738
18580609
3777374
2132554
8289096
18182497
16360002
13353590
13136552
10559802
17744663
19083269
14214509
8782401
9592198
11910257
3537295
10984215
3420648
19012938
2174130
7483049
13293574
20092212
11946206
9459171
278815
2976805
18981582
16828918
2636566
928229
18468504
5019373
9031272
11151111
2631248
2381793
11122880
780909
2614924
20049006
16519736
1906230
15884364
19713953
15717891
9256080
1209944
16903971
8503283
17485964
12220661
2307489
18143096
1866128
18567589
19721441
5247293
17106903
556392
4632052
16765283
6081198
9974660
7216355
12139952
6445272
2243924
2173854
5166579
3519859
8713349
10699318
18557161
7241702
4441290
6342971
19920874
17186770
16334584
18721657
3296470
13036886
9725973
5893435
1136399
1961361
19708670
4319179
17694435
17902897
12561923
11787506
12271309
11490601
1374078
10309777
980098
8388388
4017226
13762397
8676131
14922276
4081926
17108224
16312388
20611
8297490
13842791
9955800
16334947
4111746
16686504
1843772
19749232
18455220
10409725
14628297
3698965
7613937
2054141
6538390
14582688
19725248
15867405
9191486
12901513
19671417
9546267
9370538
10279086
6099799
16989205
13382651
278145
4411140
3027253
15160222
3749631
3045284
14842843
18083652
19818748
6792411
18232175
3501815
1013181
13639276
5095781
19065663
17569375
4706220
16463678
15750000
2744837
7642617
19428367
15866751
17845213
14419516
18287688
1307606
13742434
15921087
7979200
5183784
2025095
17634637
13603263
19920463
12786417
6905239
3082468
19757423
6607833
19565556
8045552
599336
2616142
19445371
19280804
15250268
2347317
5509001
18935707
518742
2821628
6607778
17022624
17592709
9916371
8250915
1198231
13040221
15956162
16389777
4787201
10273462
18137968
4688145
5260172
13443709
16302359
5712538
4753866
15112823
9785555
5078828
10226501
13410904
9330154
4937904
3567686
17434335
18040417
15188738
12124814
13292817
12525139
721663
11254916
14221975
13669810
14412534
19564384
19316757
7568393
526632
7407225
5677276
13389668
13893853
13949266
380752
11842166
12113015
17510295
10109798
17262811
18390995
236671
11669234
8122625
16537113
9955886
4952101
5029134
9758378
19123055
19859586
6044268
849313
12097953
19046376
4587039
15942713
19802840
1327141
19445087
7704653
15617032
15996701
16360417
9215155
1849726
106363
19694308
2232186
1115381
7814553
16358748
18739984
1031559
4041383
2061881
7003697
18014194
1561738
16060799
16203836
14554060
17937573
19724830
16425072
15445372
20024805
14603651
766477
12797684
4497498
5477344
18141384
2928305
7900575
16156380
17149613
18800753
16504256
15672148
2111242
19322670
15988992
17970740
19555769
18268653
15915176
19889654
6193731
13584203
17413186
3337769
19766852
16867031
18811729
12969467
14461482
19373778
17386338
6658372
19387598
12851552
861721
6324673
1230956
5343821
9133502
568425
13365686
19918695
10406479
17728537
5260835
17472887
8249657
16066852
18446545
8646169
12485517
593962
17472879
17829270
18329305
18481748
7392235
1307478
3089696
16945834
9504898
553565
9481611
16586135
9809709
10590139
7147394
15966074
19339986
19242154
412379
1781457
7291604
9184982
187570
5370632
79067
18308175
10730227
13387053
4388341
3197618
3810613
7141972
6643811
20012906
8974121
14424391
9691588
18601264
3540280
12885777
3981427
5936796
5867906
16218094
19286569
1990201
9329425
875460
13339263
15419574
17105513
6364932
17118660
6759483
1114053
8959049
13161524
6893681
13987916
16036518
12624669
9787491
7107928
5311057
5926031
1301175
17279707
867998
1077562
3584785
7691534
14355261
1730873
20050430
2686118
11710116
19153772
9377679
10227474
18572796
80700
19227892
18116847
6878218
6913787
9378789
18239154
14102176
17134708
16274306
15663663
13982308
18150195
17415626
12400156
5478901
6770854
691931
15310580
19784277
487806
5757362
2323778
6819906
2584265
1138867
1223128
2604924
9861124
11388861
3556574
7047115
3743830
14914505
512628
9990200
7361539
7912525
13813674
16254746
16600462
14495422
588248
19763298
7502146
18982617
5018175
5267624
9957412
18949466
19744235
11904345
17209549
3518682
18302275
6210881
15570233
3129986
5285964
10247212
4198077
6447260
13972410
573334
10996816
17681741
17471373
14023757
4799049
1365028
16366287
14913909
1252254
18765810
1567740
7976611
5294056
16062813
489160
18532110
17181838
7449449
4981592
12117690
19153436
2356714
11421608
15664513
3068484
3069338
4772627
4784252
18490567
6630611
4421966
19134755
16023497
18471052
17903512
13916941
3104338
11988452
4748281
17699481
19212838
16239003
19506775
19093566
2996435
13866682
2912336
13776341
2107696
3344177
19638731
15653397
2974433
14242184
7614839
13254046
515552
14665975
2447245
5639483
5906363
12207740
261044
19856359
16868142
8145708
2766889
18033562
19501225
16664997
12829031
16587776
4252539
1692403
13346741
15162776
16034683
19029645
17674400
8248034
990130
5974304
17238030
1102858
151199
18208886
2545699
14621206
9289745
16162148
5734824
19650962
14603203
5184327
19522861
385853
12425157
6051044
8405555
2799051
15922886
7833439
3439664
13623618
6923506
13829908
19220472
5261712
11046693
6344938
3006689
10832934
16423491
19804231
1419931
9624125
19444226
19507696
18641677
18170263
17307457
18663381
9025070
12384496
13108105
17045913
15309572
19343326
11382221
16889521
19070392
5271019
19023189
6478459
11946809
401579
19597294
2661098
9749083
19828065
17919938
15857972
14272657
5658958
4833305
12816907
8786228
13843219
7466464
3673994
17511634
17207266
12526962
4197131
18487209
5239789
19521714
18993758
6856326
18853160
16993845
17368209
16301464
17995252
10467370
4579808
14066397
3573085
18628456
13838837
16821594
283072
19465738
9750406
2840267
19321422
12003722
2446430
7217875
13779593
14353820
14927854
12082511
19332454
1097289
609559
13723230
6659165
13596993
6130778
4260098
17145281
12700644
8941366
510983
6251056
14219258
17544697
19413700
2946172
13183672
13612005
9788114
7575659
12279419
14218795
10724112
7379154
2177764
8368900
9398827
18074556
19731768
14075135
4706241
17574985
19264368
811015
13398340
3582509
12674720
19636146
985457
18239876
6613154
1257977
702205
19182207
4058636
17769904
19078499
9170772
2246099
19647194
14229136
17665016
4191080
499778
13213115
17109500
1972828
2575438
9539912
778555
7093420
9164998
418716
9424797
4421007
16466518
16183731
19236269
1984261
14241453
441760
11963770
13671936
16148036
18205804
6542124
6271152
1345529
6594661
302057
7770058
1280412
13454428
19636977
10350263
10172910
19490750
17040247
12522024
19636096
5676676
6658761
17375020
15326317
10317334
12082141
2592888
6038470
9194876
14498758
19758750
63373
14857489
14124648
16061054
12940868
15002717
6869235
1205169
6445371
6013186
2288838
297962
13089573
8320443
4846138
11657233
6921984
1628564
16780632
9249776
13336446
17934757
18084214
15997137
17259632
867769
16683221
1603801
10645879
16515369
15262420
17702001
1455887
7199258
239506
6927059
6071153
19503674
13764490
8632244
17920455
3641359
8327302
9710712
756786
6285946
6330746
13459691
17352269
13505095
17454918
19094722
18306329
17274017
11548600
9666380
12650830
11850083
6128150
13540233
13181540
10848827
15530297
7508037
2572496
9818935
2453424
19504295
3110159
14769083
14036789
10066843
18834135
5755366
4244685
16811361
766814
3662949
19020597
11791225
7060967
13577704
11790047
5270476
754190
12802817
3847733
3628328
1714416
1575999
16827186
3533741
13472216
16359931
2596904
1215180
18750038
169063
18505793
14281824
18889932
19578813
18386075
14450487
16848508
18449136
4545298
13195493
16837764
5080397
15965980
3954385
14964764
2094981
18779803
17416534
16221732
9711409
740942
2828150
10489498
7310835
7861852
2074834
19900022
8010585
11159707
4004656
17312373
5569167
13646479
15186807
16497663
9790660
19743844
18390107
18391782
13347597
17941573
11008953
14180715
14090834
18119037
18963209
19339699
3633634
15990572
2081265
3560704
15328939
9855043
19385763
7498271
14659616
16294029
19334916
6070550
9238270
4766618
13246663
6146081
19326235
18728282
19788213
16288579
19873106
4658579
7923289
6487317
9691204
13722269
12311744
7607131
13603093
995558
10977203
14651111
20003839
19487518
3288965
12705303
16598311
3174292
7577566
5825151
15460300
4208719
2343781
2809407
5361094
14026335
2265315
14501861
19005272
4555470
9380474
14238785
4728016
13201693
14965978
16014222
13673459
3123710
4918092
17940607
17299974
13261922
15464241
5823303
1006170
2670564
15005737
7556814
19825152
16939794
11202706
1426452
7250983
16445161
1396159
19180465
10534417
9323657
13205376
7240505
991396
19549756
17093271
14943737
9241956
9292615
855542
18354749
19243851
10342014
17712465
2473110
19558263
19097112
9120237
18255869
13917278
3084180
13655879
3413309
19422870
2942099
3771909
1363737
3007213
5772257
5517755
13757845
19772222
19136931
13784183
17121276
7967829
6698158
6252660
14173254
19241811
14413014
17581256
15977444
13809076
14487507
11488354
19918308
6208864
9590851
4641042
13780360
3043173
19564233
13836073
7149710
15984234
4871032
13656300
19343639
13185863
4881872
17037836
10743833
6709867
16134084
11786629
2348467
1228619
15075239
16082704
7174695
9245447
4736496
13103377
14018506
14057660
9424430
16942732
15786290
12898987
13432983
14320625
9511684
18965227
9000227
17962472
16527719
681361
16381528
14905394
19850731
2887015
14076971
27883
9264731
7995091
12169903
13600701
12844349
15964431
8455484
8375703
4034745
15198835
19666119
2877415
2475883
15046711
16616820
8591991
9855447
2053260
10324826
16669062
312437
18265387
10031678
18977139
13147687
18891659
8902703
14832329
15564139
2232697
9798518
13360024
1530250
6821750
16601386
6924876
12387169
5593679
18790146
2373085
18903864
2088756
8075826
17772864
2154313
3091872
534897
2283775
18273734
2843303
111270
8501038
17218264
4703621
271279
9391206
5929758
6354268
16404762
14867152
13713117
5973442
9484622
10893095
16096253
1778272
893684
18926057
15985557
2855846
15965055
19840598
10483086
2264111
12498161
12998626
8301105
249414
5858370
12384830
17652158
7429135
18934306
3836027
17701340
4384820
11519741
11612370
13760097
11597167
13863496
11310824
12899058
19836986
4285600
2823912
9629551
8866675
5931103
3248048
17735614
11449550
8029807
6658466
6269027
777297
381421
18794243
5103802
4963795
9542157
2490643
15854732
19571227
14319203
16215908
15295517
19396693
9984102
5995477
15888448
16935810
11668771
12852979
5938461
9623932
9276447
15546063
645075
7122067
5246644
12361097
3888024
14991344
19651338
9885720
12212943
15775163
4171692
10113155
4810148
5996354
15936954
15285902
7053165
15046317
8354416
15675252
4488115
16341223
16303959
14707391
16334763
7140820
2394848
10765602
12307167
17764982
14866856
17429789
19992266
12004744
9969898
17108306
11731216
19169354
3549798
18297108
15021412
11789606
7620114
1428359
7325303
2696101
1735137
8836282
15937446
7709435
8485571
2512856
2793546
6104187
13529965
6574595
13498867
11351798
11542615
10758212
13996341
618842
7468775
19965749
19383162
10390452
179149
15600428
19044895
4529699
15219384
12217790
19672457
1261875
14852380
2577927
15899047
3390980
16392946
6906252
5233226
19223681
12732538
3400542
4864952
16583928
16017138
5924822
14066448
16359922
7923519
13372554
16879598
11035725
13340778
20058821
3309943
14824160
1041781
13373824
12318135
9586032
1469724
927680
5928732
19201457
11225543
7484571
3301997
2262148
6576501
19670113
2529502
13935509
6921529
5307851
8663222
11118127
18017272
4456004
10149393
14301951
16011968
11101525
501098
768778
10828230
1315753
16009915
14350940
7807792
17246934
13878758
2773759
4966507
4102936
484709
6918266
2751613
20003881
18869893
15089884
17299093
13271126
16150433
8485057
6652768
146390
919189
17837842
17035869
5880805
8206548
3127839
18333361
398281
12532095
2446365
14755376
4454223
13805555
17738513
11692615
4788415
19270084
2769201
2191682
13899423
14308694
531851
4382520
747316
16214500
19802824
17430505
11979681
6444115
12873403
2322500
806764
18689804
7448131
8622301
18515911
6624330
13701374
20039289
15228511
14415904
1286113
7006910
18907303
19574956
18660596
18596546
11131065
18496331
2968655
19975443
14134494
5584412
13929054
7217028
16534157
8878423
3816397
14037488
751766
16613394
6352686
2878632
10766879
15226691
13149476
5683505
15582683
19766791
15350468
8051553
19288483
13346113
12081755
612563
5860876
18438001
7540025
9984554
2210041
16053150
19992212
19955703
19512842
19673182
19852578
19207453
3774271
5367026
17254045
14172851
10713328
13055684
86525
9116734
4473156
3795308
5419405
3407200
18533975
307154
14351801
15288638
19604151
241636
6988905
6761603
3952328
1911090
6791951
13655890
10115372
11196475
417654
16113057
19716905
17246381
11220643
1276348
3108026
16213238
11254716
1033888
13082664
19871259
19455098
18090432
7525662
2256979
9547236
8966869
8796694
14668043
16310293
19927125
18561753
7383173
18285574
19468125
1974182
18119167
18059589
10103643
10219043
13123570
13695623
15518009
19323634
3359075
18960496
16659299
9163488
19054001
2701160
18236661
7027989
2560365
17941433
11591497
11574051
17225025
19896604
13633243
17830279
2055614
2972783
7944376
17975638
14440179
13435614
17984523
13554330
4263722
12333456
17606927
9459435
3575918
17971320
14042437
8286082
11302521
2125004
235951
5470350
17138147
16865916
9773236
11034794
15235395
639199
10134223
3384062
19496156
14218115
19978735
4862124
12322156
6483106
19281648
15177338
1690594
8449772
9546265
17793258
3518461
19443535
6881776
6292850
3600137
653771
18503661
17441345
13887920
14114135
7575891
987049
1528827
2429913
14280624
42580
17184974
13580757
17567808
15545274
5735314
9485825
8769454
6316005
1344387
13333916
17343573
15608918
12146466
143855
3516557
14064783
17442595
4791640
2869015
13582737
1489590
9449433
3903463
11355476
19708887
474968
10903082
19744028
527267
18226267
19579859
19549450
17071025
5767890
6187382
10916678
16157387
12537221
17712542
2851021
16374702
18909494
3292176
16073809
1205449
5541201
3675158
16294384
18401015
4827827
10537712
14689860
7137381
17109022
13907229
9235998
10530612
13738017
9044611
5728806
16558602
1090943
16788336
14727400
5173521
14470745
3527543
9357243
13151465
16081566
4149260
3248864
19546828
18123503
14442052
1107220
19982540
12047252
590216
14046933
3234744
7801612
11650840
17924469
17568598
6854221
5075441
19650003
14689935
15043870
8319966
11298300
2814039
11695922
3591756
16617569
17735734
13157014
16142332
4469650
2869451
16100219
81453
19146406
19524092
17858568
18152294
4628571
7367039
18175507
16439003
15456694
12804963
7023173
11227489
4506842
6919225
19585239
172499
17959702
20011999
12446798
4120122
243708
1976573
4330251
13076524
17356639
12322469
9624736
7673697
16205431
8389905
11889803
9694629
11956444
13477731
15255652
17941616
16568543
15162845
628865
14556530
2205373
669831
17982247
661365
12874869
13492800
12903223
3574788
18269760
4710572
12674985
808987
17608984
4807899
1923335
100002
16969460
12391350
5147714
11803765
13932821
768355
13411711
16833985
943336
18728771
1145560
554815
12477449
7258600
12667131
11586386
18803064
5376994
12498361
462846
18743250
13535940
14736632
3136220
6810948
14200000
13150118
8468180
9639879
112359
17273358
12088135
19516250
14005503
10174662
14471017
15893759
17887856
20069715
18713667
1239345
4771163
16143285
5070458
18995088
11069580
1002215
856042
15113957
58729
1093570
19086793
9027819
18968983
3603334
210265
8985292
15214548
4865787
12070057
13568106
3693528
13683082
19929215
278938
19669966
992501
13952933
1978505
5120931
12983120
96471
11754711
12760432
3291286
591135
2702851
18992006
7089772
3512893
14401649
20125837
6713238
12810703
3227471
2150160
17029023
3561647
6486422
8275069
8714351
2774530
19168858
5259407
15954585
12628369
1806329
13017073
19288937
3711860
5830829
3595554
18528021
13869594
8713988
4507059
3297371
795611
5975572
13879341
12788283
19826378
6990838
5588581
8860621
9691594
16565670
9740360
13284242
11954332
2927522
3206897
2799093
19101654
19540250
8517301
16056379
15990991
18263820
19741264
16235311
9977322
10333921
7199658
15864683
8300382
15325891
5249878
17349770
18740898
18872564
9897690
12865757
15158348
9793665
11130531
11825038
12867883
5494939
12567485
6999257
210531
19315591
15929734
7688414
11375119
19010699
4449611
18344930
19464695
9412522
16722668
7932907
17944541
14517382
13403941
14907507
10005780
6207171
15562038
19376418
13744371
19079682
3987599
7554458
4662889
12793940
7373339
4294589
13819239
1363473
4973518
12916733
12126818
2321769
17551205
12229181
569232
9583557
15488902
2370829
18593138
2619833
6452251
3091632
18207581
13634291
9193548
11502110
6956542
865176
14880510
3331459
7456809
3652560
18907058
17772228
802473
9474735
15231712
10658111
14744794
15489809
2864637
19638809
3939127
15312683
5654579
18218263
11233469
15896165
19483715
13572073
13096163
6713764
15043180
15638205
3654480
2542736
11084143
16367772
17713793
18653547
19908302
13769545
3591144
3462422
222913
15969307
1208076
12548140
16017915
11055426
9838523
6188014
18807717
14159713
19563484
19527046
17278810
18239180
11374706
19050002
18790729
4501726
13012843
13507664
16076718
19054413
899228
16377535
14042490
18341044
18170614
3916694
17104499
19464736
8608793
3333033
12977550
11537535
2538909
19947372
12481131
7381236
6462192
18847034
9210943
504394
17130344
16018628
19283091
4453150
1204772
19312311
3600457
6816134
5506020
19516647
6155321
19876254
13790743
4658747
12800822
18076477
13741194
19037314
17842369
18545409
2446436
15671002
18354591
15484901
545261
4757176
2055348
7040244
15492245
19592660
17774765
3000360
13324151
801432
2338583
10564536
18796229
18501541
12925311
15073882
6118099
14685901
16643711
6777626
17568198
2977232
15953672
1925224
8973347
2443270
2576206
634124
17093762
15866148
11569351
12967894
12895514
18738055
18866167
17368958
1017342
152255
18665172
9401330
13858105
18835099
11562286
14448231
17283607
19164327
11833068
843256
15423255
8829443
1309794
17361011
12098379
12398584
5847328
1558289
8738109
11408957
15225990
4644669
6873774
10350815
2292917
13022966
557715
18918149
4378933
19871503
16805921
6953808
3260798
6337024
17938028
15306047
6770484
868408
16880146
16403812
13984550
18104420
1682958
8871966
11293006
18632502
17316651
2957953
7661131
7785582
15827208
11791673
16365586
19570082
2293062
13138549
3597324
20134503
16845149
11058277
17588318
11645988
17944302
17186075
17580615
15416488
1034911
19949651
17215960
3241486
5945323
6799895
16475752
7126716
5390509
17681629
13890242
3201815
9925507
14815008
16461579
3904025
19185735
15868435
18411468
13386360
3339514
10270882
13602368
19523259
549546
14551521
4773013
17655512
7362910
13119926
9496372
12923927
18208779
13292505
3538588
7099368
7289822
9563529
16437597
8720655
6744301
7160513
5102132
5917003
1143572
4923430
7374260
19821206
11787256
19776151
13845356
14560959
271645
14808832
4090892
18903203
19412543
19795275
18872747
17215341
4977744
10853109
7797584
14006748
4380574
13413420
19155337
13890116
3605090
8480877
18287146
9643570
11900055
17205789
15665485
4703037
17889307
4761254
10428155
6944464
14996256
2500077
10376425
19339972
7836258
10829434
20082265
1863930
10085449
15107253
19250619
1099417
12484806
8033860
15341864
11839649
19458240
578990
13167796
16511961
17919055
11981145
5449085
16446194
15286307
19382990
4596350
14966192
5833870
14665076
10175070
14125013
1114080
19609448
7200854
18367224
16365412
3567368
19571613
8866669
16569229
18666226
4906045
2515514
16216336
4307635
1258478
14233401
610015
12929061
3030215
13414193
4140736
5041360
3576958
6866061
18054501
5138491
7085252
3131326
12804864
13544682
13695089
10042595
12510435
4662067
11259802
1527533
12820986
15706863
19994541
19756053
5250277
2719469
17847679
17344356
7378068
8159488
12897762
1292834
15744254
15451583
13770996
10605775
1487706
681540
6931058
7032135
18501343
7275881
7636280
16999677
15205886
19059667
14147107
10041830
81106
477534
2103716
3837989
19564855
6700563
1942211
14736463
18909224
5041718
14665418
15317349
15506331
8104884
5844512
7858468
5329548
9047858
19714590
7420849
3730229
12344009
3152108
19706347
15611490
2488622
13802505
17286082
11272594
17319360
19009690
17904124
19758392
18448460
10658564
1779655
14250101
5080712
13500028
17219000
11099377
15066779
1868058
5481978
6390020
13256837
2414596
7241433
18484044
7605801
15502575
6258310
13723845
8550041
7357848
13844921
16314979
6123979
10204682
6204293
11558890
19652169
18306554
8704710
4330822
19908492
6840845
15233029
13652851
13476488
11643940
12108718
2556386
11885133
19788993
5679785
13595464
2963041
17647680
772391
10562432
18308056
16285954
4885682
12185367
6860874
715615
7292414
2697031
6486220
3802966
19118998
10049335
11509497
11153954
13375898
6343280
7442418
12226244
17971795
19605717
19332415
14617684
3595503
18283646
6223185
13965118
12304163
842890
1066510
17930615
530288
274271
2635642
8210423
226323
1654417
13731797
17293277
14817380
15030917
3431816
11113630
12051116
19245446
10112425
4860422
5671212
16613173
19102057
2276603
782256
2102344
338624
1399352
14151082
18262673
18081339
153674
19161216
19401218
17714491
7234218
549201
1435825
13828357
5469274
7300699
6811990
16412804
7199773
14667153
1220595
17104025
14173353
552502
19348139
759415
233110
5351702
16078776
10987965
7125175
2662084
19344794
17827179
3283296
13711158
13991526
13275499
9787505
19225646
14116291
1032401
6550702
19247684
15510550
14067366
19048223
9238061
14359218
770262
14451244
5768017
3101746
15992078
6658920
6487693
19368729
13288215
13199708
3498167
3780951
11120529
19623551
5384375
790095
13032611
7480076
58728
54040
19785866
6647519
13921069
17174524
20070416
5823272
17043148
17477446
7755627
3121176
18630268
8441084
10554537
1140555
19466836
14198958
10448685
14185619
16468083
10941617
16168847
5750871
2529119
11618854
1321654
11807497
18194415
6212778
554165
3398289
5909034
3734125
12422777
16324410
18704589
16755261
4412533
19254752
3788740
6278968
12847188
18340498
12546799
6754230
16309283
8343525
5360872
15615879
6183185
14935799
8500219
9300097
19517881
3601377
17646447
5261913
13640120
14131092
4714600
16090821
19630716
1906604
3219654
19996828
17858473
8097064
13617191
5251680
12423807
16467639
828796
1920208
6909373
16306237
4819441
15551245
4045919
13783960
19715020
3445759
20012816
13160702
18033336
17903451
9646544
3993392
13955484
10027657
9264919
2487078
16248002
15546653
10374434
673248
14507611
14981522
3048226
14779129
13840935
16274702
13965817
221105
11688107
19975166
1743307
253839
17218433
15876032
14780538
13649940
17035729
577861
14138381
17792907
6480042
18073238
11629799
13498977
4063668
18029519
12518766
3719719
13002901
3074332
9336305
12960002
9374207
11279847
7564276
16363001
15863664
19590455
15756544
20001833
268392
7071272
19834519
7290628
476983
16687775
5935788
2153173
7561712
14854652
6609995
8014459
19310328
121861
11305043
2739577
14344766
18173198
11775601
3464798
4783849
7619082
641113
12683243
9987432
1704798
18313862
13996617
889296
15469713
13229126
17512655
12951026
16712922
14137017
2028391
19335468
19927762
4538901
18656661
16210205
19269531
3306955
18895063
8838861
3979815
17823351
10352280
959788
16362505
1194434
16810023
15902909
7925347
20066340
7193980
16319747
7468749
12933093
13894320
16296716
15782796
18996087
1387713
13221788
18859896
2518914
14200508
3060241
693809
4667046
2811398
6555748
18441717
8141592
7451805
2194160
11611264
9362344
971024
17252944
8927133
13358265
14248946
2684271
11213
7936698
444171
5064094
777141
1731245
15848969
6687933
18323366
10930279
16266037
11250470
2001388
12341856
15672914
13445020
15677761
20132929
4415981
3144777
14101459
13770856
12530883
11903500
20020913
13044049
12521102
2797133
15270598
19813734
18218308
8619510
13170664
13151617
9346616
9246847
18789417
11918318
5810995
10519494
18930316
869615
293743
19568889
19618440
19911379
12198880
15047461
14723366
16065247
19139207
18664214
13951333
13976990
1663686
7408678
8504666
8730006
7671356
19889136
223968
2670182
17210898
121746
9838004
14666899
15317996
3145194
7114000
18720287
19633363
19225361
18820693
576992
13698019
10192697
6792813
11080366
16455981
17556436
19200224
2686412
7242113
8808520
9714870
727473
1294436
19113883
5517853
13505000
13690414
13261365
8650772
9059397
672826
7947470
12103025
9386414
15965663
7374680
11081705
495703
18120573
16907324
12899634
13760333
2946677
18819288
10377331
10654240
11656915
13430224
7945940
6979309
675260
10404755
6477586
16540714
12786165
11288758
16226274
3100156
9903187
13923438
19956095
4593520
14005750
4691130
17216800
11611213
16821062
19243664
19991344
16002402
4872824
7540971
4724177
262557
14518858
3740914
19154927
18991766
14020274
13836710
3520418
18618887
16197934
568629
5899617
8546424
6781344
11137759
16735166
12942089
9747454
19267223
9943258
12590890
6867960
15521443
18913001
1065672
17009542
13569089
14783049
10150666
17951236
2206740
15214979
7080749
849567
16278936
2961435
13025358
7382396
19952720
4514004
5362279
16351923
17195325
19556100
1019921
1209498
670064
6872926
9782703
3286191
10857291
6988183
7107301
3910174
2107372
3040654
2519149
1281685
967346
14437299
2536680
19759315
1594071
17206176
701620
7377675
14386712
2729499
15941488
7435337
17961571
7965815
13190547
19361884
12470877
19439509
19784717
19506829
11477187
8197178
15841885
9130275
7274164
10998041
19113164
14058255
16457835
19655804
14991663
18436505
14287985
19193664
7283816
14777138
266374
12990578
5557135
5504201
6470658
18678735
7139217
15190481
5743820
19636389
8247789
18331097
19362640
3933017
11688167
1571568
14774459
1309152
2957248
5754834
1308953
18317717
19717689
4666167
11689394
566712
14087313
19053554
690603
19955846
13726934
14223882
19593786
17763382
17752017
15343230
2801300
18207062
2440273
2899072
18176594
12358299
12405208
7299962
9165374
505517
20010951
12838927
16594694
5746469
6908859
18707214
4384729
15107863
3243356
3561338
3007604
13482567
585369
13325788
6041639
1323042
19114176
16364605
15814087
13844412
12642845
1543250
13932799
529549
15882274
13994374
15639337
3341058
3219401
19532390
18776441
525388
15546346
9087946
8396674
2554110
984767
3142973
629887
6972163
19769912
17712552
7253149
16574945
10627073
6253563
18802353
5497258
18019658
12597210
5133942
9163860
7855348
1114671
4731947
20080647
6422504
19345751
6885767
19520974
17196217
9935509
14706870
18147358
12468481
13876770
7551148
19163623
18931501
1982923
19204251
6837894
14807279
15433139
17936268
4639451
3420849
10803261
6442069
16787192
18973224
4538668
7396189
2745884
19676032
4073301
15957574
10131539
745338
18832110
5321765
18149220
17583579
2078655
19689072
646210
16722619
2073952
16425084
2711895
1933979
4956016
19858827
15047311
8399565
15119482
5068126
19711148
3129201
2359348
106647
3213292
4435559
6828903
15964540
3599670
19055440
1306157
9249482
12949891
14895176
7675084
18486790
9046781
13818095
6763602
11687274
16364303
10016909
14589258
15065234
13569397
13334879
2416414
2291943
11212414
14838851
18151496
889562
19693775
804194
18458323
9826062
3135386
17620688
3071145
14039871
19822994
3323798
10271968
15694957
17187219
1453377
2791650
16052088
10486436
6906410
12192
18840617
19540271
16462134
2213234
5706044
737310
7857465
3152327
6334292
3506821
17122814
5770483
15994989
16858932
19416305
1740367
18973030
8881765
15857453
14757388
12573154
18027933
19228333
15935152
15832811
2764392
2732751
6639120
15652403
8188644
18581195
18787927
16727142
17659557
3377114
3649677
7553689
6596105
9148324
19475198
14105177
9128502
17537044
16426665
18609929
1301996
9449114
8290278
17170039
11562327
9401520
13240737
8564884
5199775
7533094
17309969
15841920
16318566
15533209
19241899
6467744
10651227
225306
2108201
15444619
17567045
4557370
16437333
11324565
2464252
7105758
9473190
16282503
18401209
18283143
15269022
19471394
13700144
14092424
152883
16100375
17163195
19584092
3271850
1355639
19642656
13114818
16315390
9585869
2842488
9575930
18660693
3654646
2598445
11196831
8475316
12439127
1024364
19778701
18121225
15084612
9549017
5289475
15130289
14078961
916098
7656205
9234926
6916360
4677561
3651083
19564372
17618524
17514204
1230324
19018088
1366681
5202245
4502462
14682714
10137782
13850614
19808439
18823750
1358289
12782370
17514949
16134304
163328
17181016
15664483
13040618
18618507
19376243
9310570
4705083
17398783
8550933
19604123
17344792
15556484
12901480
19520785
3771656
11981982
7092978
10197878
14956321
10884683
18266775
11357729
3039292
615963
18785037
19442802
5332678
3356071
4672308
19653376
4660339
4981511
9922414
1406191
19365293
19509745
344726
2144036
445377
6430498
16067949
12970013
19322578
11121555
4030280
19900144
4395662
17537910
3436373
12780293
19224915
10537769
12144222
16067254
18016151
18523180
6611828
2707194
13131511
669633
19958309
19151052
9710648
3553061
13447648
594020
19800066
4642636
19405403
15414938
3175584
10436734
14167763
10268058
13258556
70858
5922886
16064203
15074126
18749329
20034082
16082515
10165181
3052656
13724533
3756762
16431249
19254079
5886532
7167841
3128430
16256880
11957599
7975480
19619226
19216555
1255513
17586014
17530825
18610410
14939266
4403159
4712752
6374253
3017565
9572305
7401569
14065273
16456120
5710509
864561
5170703
17073887
11656239
10162643
19554497
7121570
5139533
18928298
12998056
7425847
3220861
8136227
398283
13128841
18768299
18796788
4529204
16335250
12944155
18358874
18988164
2982695
15378960
1062940
713572
5360712
19694490
342027
1158019
19375739
19817911
14276005
14714119
3370014
8208110
8725056
12635489
18998179
11183929
15125560
6151774
19355823
18673981
4422184
18393032
8772629
2682405
12870344
9318083
16640642
19675405
15463504
33071
7066679
3072377
6299550
2780228
433218
13293881
73128
8257973
756458
9810506
7027668
13119447
8759587
8471275
12867084
529578
4615991
7500390
14008225
16113728
16147720
4866955
7997058
18065749
13214245
19140205
19526690
13829928
4261731
18229365
14071063
19073760
5957111
16176011
11969810
13329728
3660504
13652322
13734453
13751556
19405597
8598681
6656658
3366353
11455873
18033617
12225502
17123657
15855284
8337597
19153239
19566678
16889784
9616395
11712801
68705
19904121
16367591
2937013
17254362
2792632
17374980
15034827
12987488
19690483
13243601
16762309
6480490
1946103
13072114
9189090
16022541
16529636
9240606
6076202
4672942
3223783
2694697
918523
3825429
12025076
19448525
9570642
12937558
16131638
12262353
8811514
12481636
10695324
1275673
1239563
6946706
18628761
18272607
19693253
6701620
10588146
9277608
166679
14263129
3552032
725986
10295857
7982791
20045345
13751380
87279
13739392
3478870
10959681
17711373
3395027
16525836
3574048
15541987
14243686
16091473
3293842
590712
15079215
5462853
20097791
15563015
2240196
7041737
6659693
14312736
7065979
1350990
7726364
17619003
4853277
15084311
17006190
19360341
7348510
8663931
4840176
14688609
5579147
19315686
16956390
1444924
16140821
8592740
11477277
11983777
1468730
7520477
3401178
19658096
9684998
16337106
18678963
8199688
18640578
2311220
17119861
17679861
14911027
4879911
14574055
17911243
4535547
18761381
3759009
4715988
14479443
7868588
18737220
6610516
20042022
4328848
1148279
4774056
19168560
6384741
2699656
3862971
14199146
18033544
1151343
5446610
6475277
10622828
9238515
1304410
8694390
8969982
13082298
673532
16952584
17824351
1556349
603948
19559152
9426602
10332393
3102906
12248489
16911631
15963664
756438
5048016
20088060
1600034
1111353
3031514
13167819
17609541
19569957
19150768
4936537
19166526
11649808
19054026
19793880
15562273
14394310
4080850
14967089
3580487
19261453
15660375
1782437
10881963
18905324
1740129
11487885
420805
136493
10362710
16041386
3450740
17406302
4340150
16436513
17539494
3569374
10766309
5823369
19697782
880221
18728
10519846
15482081
1119370
3512620
1862436
12013086
2680478
3036578
12299394
3225975
9537445
13254504
17383307
9793676
17904905
2678120
10898767
14084988
10280439
16364846
9696307
4275051
1523556
17566686
19518660
7120233
14704466
10467703
4452295
9705653
2270498
13973211
13352667
18179954
14365850
3556615
7590131
839503
15384273
17497776
9875880
12993877
3767079
18817730
13733254
18157308
7221398
4031001
5295337
8548495
5362041
10647977
14691168
15153665
9403626
15035772
7373489
13578125
9838383
19265827
16204969
18158361
18391104
2967780
17964190
13084019
19983777
15710078
14401647
17311284
6106142
17926697
19859513
5314859
14071323
2340558
5358354
4768231
19078000
12881511
7813140
18348422
3039186
19606103
18855341
5105966
676347
3978092
16842429
13154946
985768
11846893
7689552
18006977
342563
14072809
14007009
16109676
18177593
2753912
530246
9177773
2123398
8867253
9356066
7263899
13023771
19640452
20096720
13397781
13924221
3498255
18400380
17715945
4738075
12508552
10552367
18032285
5505462
7660047
18044734
16235297
8964740
1590320
12958669
16532393
2851182
7590360
18731033
3021816
15762984
6982020
13525760
1586773
18049811
8883486
15328817
19116844
4792219
13678989
18086316
11786797
20098550
18868003
16429586
16079707
6385547
16814818
2842118
20008125
16358413
14358402
2729247
13914226
3805993
15378372
7734355
9347368
4740811
19714229
17544058
19514150
4578996
10731035
17026213
17171079
7627793
19315574
1244637
5319431
15177978
1900017
699987
138216
13179240
1614817
7480520
8863216
13126457
12794631
1064780
18003190
17662257
2477138
17948449
6447332
6980919
17264580
5121528
6875124
2486559
12648232
13517975
19251668
17158285
18406638
1363359
18162627
7461654
4288483
9549544
17152842
17659754
18881797
19211448
15407479
13192965
7106908
615021
3650922
18728561
8731645
2129086
17667310
13397786
15445239
19568805
19390600
6170845
8663831
15085681
14361273
9476744
5419168
6319783
1653118
4213869
4874722
11303923
1803165
18366609
13822434
18763657
12600111
8749948
7560324
1125478
17163074
821355
13427702
4761373
1510087
20053258
219457
12940163
1256186
15047270
2095739
740186
5228980
1443199
20064594
17476373
12179792
14164871
1323280
11015175
7967922
4767431
14980216
17590861
4634870
6716154
14429945
1250248
74073
19200864
554283
9128454
8425724
2744849
11982791
620618
13107734
3972453
19853014
1271817
13134332
3391146
15115382
16860541
12404103
10760399
2716823
6525595
10232553
17689221
7024695
18663267
1194508
8716183
1471244
18696176
18978234
16288228
9435931
11904645
11787240
2085807
12022115
7884922
15567176
17707702
8780161
18561196
7601652
18908854
1074305
12583294
7760119
12687703
3146239
15440634
10356916
12617639
3225449
13586847
8988885
13002432
17374761
754086
17274490
11221680
11526639
19399687
10140877
4660022
8522395
10109418
13154851
11405806
9991732
17643948
9013133
1712837
1245836
6702726
8740004
7566673
17116995
12333967
6860374
17723519
5799656
19929564
5455479
19163801
193810
19524364
6982256
16359528
13606449
3650528
18583815
17307092
9763418
18470787
17591452
13878031
3713093
15519679
13846114
19151137
16896833
19936333
3996032
2069779
7619989
16045434
19421421
17940440
19383561
17489500
7341055
15114574
9453255
1070528
19948893
15870385
6792841
13896200
19094202
8102027
1965392
15583168
2574774
15363322
9290847
2729734
2755909
19446880
9747059
13296255
5144831
18148798
17688145
13492575
4829088
10334025
5549171
1762997
2895574
2583811
15419962
3251901
15184656
19041044
13599617
9676482
330030
7728550
12872882
12823321
15728770
18140227
11666757
15998791
19343209
9021705
15173562
14277930
19355794
7697504
13476772
13486968
12426779
1246639
3404672
18464513
12489476
10991697
2044146
11339154
18897901
19837852
14024566
12821248
16722495
882441
691156
16532819
17838807
17339750
6851400
18246556
16133543
10533152
8840625
6571039
19813926
12928824
15803557
13762065
10219050
19414492
9853330
17926790
14329775
11836755
15607268
11700750
7641782
19718767
9418163
13378410
18214610
7306096
16433096
2806004
18171688
17284566
12517617
8711131
6748848
1800363
4021434
16054256
3754801
16266654
7331083
19321863
5411798
8424350
767133
12712079
4088735
19621751
13308703
19991223
17162158
13209317
13472973
19220496
6062960
8989205
19798780
7183732
6472474
5632829
11372159
3680648
19775663
2011942
19826574
8891222
14172455
9328578
17035882
2942268
18784590
11591995
7581150
3780652
5520776
14051211
12511565
2415349
19431212
15359269
2514272
7285845
18186206
6826242
4807244
16657600
462105
12342616
9561911
19674301
17155559
6464014
4797327
5751499
4747656
6381373
13850876
16722958
8525247
3726587
19310228
18499050
13503740
5511036
699060
5403552
19618423
12612812
11830132
17622053
18445741
1388945
16601841
9701624
15838101
4366792
18756666
13851992
6990309
1336656
8362319
2529423
12199478
3059330
17600347
6256790
15489448
18869329
6654768
5991556
8588612
11817574
3171880
18121673
1377478
17093860
16857275
19885202
13323330
6431439
13542047
3008952
18743406
18837374
462625
14668487
2221988
14133317
7657947
2128657
8903147
3353134
8763502
3278419
12365457
5817926
8168670
17376393
4580286
150751
16554737
16122684
21419
15137177
12502043
8002312
15343420
13958271
18275008
548609
18996810
8391096
16141238
14097548
9900100
7691083
834813
11041643
2281954
878910
6421011
111155
18902729
7513772
515408
15438857
9148875
4224275
11967737
19907704
1251616
9233857
12342004
2668151
4641886
15140816
786908
13912187
19370387
1273075
7427474
4482166
17211325
19897388
2821079
12019843
679794
16788139
9113824
10102418
17828167
17331725
10010250
19846222
19634271
2162251
2986677
16426123
8584785
16011630
12814717
6665733
6901856
1426787
16394700
10480562
854057
18866081
3421334
6075830
17245547
3616946
9026590
1012959
336636
11547379
18995888
18974335
848707
18918177
6784807
10961829
1886820
13200815
1873531
10899394
3369100
9597031
8025808
13352656
13192097
7590002
11685135
17222164
12468488
6738594
14089282
13451209
3018578
11794182
15700779
13797733
1965579
4239905
12662605
8959335
16740348
15798201
6067736
16128165
7296153
72739
18453562
7912513
14435430
4310309
10496173
750228
16298489
13961073
17873528
18146065
12677550
18269125
3112666
16342580
3902039
974588
17330342
6891869
474090
12993302
13910070
7535868
20118384
14706747
551976
16432478
14165243
11368716
19561593
19710446
19777288
18239580
1278469
14115270
2138787
19654433
191852
19385410
7555283
7971379
741851
9320265
11015479
11567606
15811265
14546662
18826087
16684002
1592355
18401096
3236041
7465764
16425903
635783
14189490
179604
3254542
9514934
16197884
6480685
19838471
5699348
11435099
16969677
8531772
15799066
19376306
9471113
2105618
18579532
802277
18448516
3949874
17918321
769448
575075
12932111
19964176
371862
308044
9110522
16880493
110520
19190313
14352020
10836923
16734524
19838491
17301934
15155101
4735018
10225274
6833513
18762100
2554009
10009737
13987524
4867479
13585835
14071878
14865203
8416893
15002975
15146277
14208656
1142034
3805025
2145620
10698239
17299922
8626843
6800277
6144621
16984336
8497132
16793655
16226411
11059361
8234456
19638077
3790118
17315623
19157123
2577309
19633892
6332447
17416627
12982274
4375146
19046337
3144369
9933712
4592475
19749391
4699715
543233
16591981
19197774
7742198
18019524
3147158
11567796
3093406
16587089
9175459
16554488
11850380
16512343
3219174
18375598
10132064
469712
15338013
318358
17835919
8792257
10329412
7603341
19016288
16064179
16253715
6299078
6568979
14225688
2776615
16962877
19763552
984380
3098686
11792436
10148429
2577166
1062688
16312114
16393989
19692298
19206409
14861618
18415094
5129109
5297563
16908301
1380625
13891920
19612099
14440061
13371629
13217410
14942826
3215802
12301489
3230594
17470347
11868167
8973873
17955561
18196860
16776683
16161905
268154
18746577
698657
6537829
6205533
15500173
9385030
6245680
8954035
13656635
3559515
3962941
643659
12298456
11621748
6558954
17918684
17216839
8829182
8656542
3185977
18041003
18387993
5203
19795057
16926809
15999122
16593868
16595237
15198334
11571071
13272503
4658714
10469388
2965916
13122346
18888568
13988507
4641553
15470678
9507100
5169695
16852619
13463210
17598625
15563647
16689145
15941022
6165351
16273972
19252921
5285141
7240997
13485322
12725523
9684188
18750605
2895062
5033143
9254533
13523627
17505075
6954203
6954230
19354615
9734020
4377062
16837978
11004552
18108039
14883614
5316158
4866426
876964
6027868
12886124
3575157
14120067
19359048
19557872
19258636
6523748
14830030
4475893
5936363
15693775
13412848
18771933
8932929
5546017
15488559
19958266
3207974
7814612
2925007
19670445
13699165
18212415
7057353
13854754
832596
12172867
17457479
14547982
9176993
266964
9626230
12261343
19378128
4752964
1160061
7647268
16344274
1202028
11956153
13992368
11859289
16596489
10522267
3967613
4021126
18494270
14087436
16436865
3797359
16364958
19767472
16228822
4550353
482650
3228915
11232581
19579695
10301140
158818
4853437
12484727
3174327
15182631
13935822
4840977
8844652
2370270
18737405
10396399
6600116
6443959
5998982
1006320
19500404
5479874
4909217
19247301
16690724
15962506
14503017
4631245
18997998
12320664
4481505
4109066
3577522
11504516
7063407
19943550
6047894
8294525
16279701
11919959
19101306
6345728
16188549
19763608
17787965
1884053
8044678
540562
10120478
17956086
9976264
11598722
7347832
19857580
18674401
14207322
7897312
2566219
14986789
5849298
7446745
12527898
11332129
16253068
7060314
17345417
1325507
106906
18788872
4878118
10272718
9796734
19573760
16726525
11356941
12965301
18550385
36327
19461063
13950373
4235201
19558255
14926507
18172256
1346003
12846048
811950
12746904
18688272
10148437
12995693
13709910
14313194
19689279
17740034
13123665
15165052
4028771
3992757
1264091
19589117
724527
19345607
1559951
13940243
10880241
7100168
9723804
15926847
10428090
18081688
16318720
3306137
12982757
18545419
7257309
15188712
502895
7463412
13264313
18581044
3457435
14670215
9486445
8139752
9026437
8418156
6524331
15176061
6219869
6316233
15854590
136687
7484179
6603145
3219874
17717177
12015108
12654587
2570488
11510084
8025535
5432503
19713232
13485516
17717559
18340327
9057603
10486544
4392007
18351512
5745058
5248591
16629558
5724863
14100675
12987460
15583612
6300926
15776746
6942070
169152
12147611
16218449
3924058
5188927
19200659
7159831
17461621
4692995
19512361
16722210
4291289
17338455
8732444
8952816
15462208
15344808
7010001
3420198
5926854
17948669
18095469
19471354
19486857
3212680
17719718
11437634
13937620
17567476
3675197
10830874
17458077
19405371
5372777
19313546
15977676
292973
16941540
13560118
4587554
13597510
6748873
12154331
2612035
4877726
10028499
3802218
3772823
13749498
15389923
3088960
3220115
19617178
9753443
1464718
7492304
6348972
8971438
19063706
18725221
10524983
5419764
10650050
1398124
2001888
19599040
10135531
3145416
18048473
6937859
13058681
14827223
17992378
8685857
4428500
2861782
284855
17809937
2046225
10933506
18182392
12099429
11119965
19496787
18760572
10449039
15369173
13394748
8613647
17034338
1362986
378714
9078222
15195878
18045571
1180161
14166849
11315212
14624128
4290941
4272346
12076979
4961736
4610675
9932945
11356285
20041373
16807550
15800923
13627318
693367
6342871
19706993
18862099
6327245
19225821
18148981
2857815
3666146
16292981
13765082
16678063
8532860
15126437
19381460
18307490
18193762
4611
9267600
1921347
4276215
18618632
13358769
5733402
11822658
51438
4538238
6890498
6409739
15453645
17522559
100186
4843596
6396770
10937904
5452904
3058883
21004
12614081
17943977
18482427
16049656
13674229
10750146
3012443
15448452
12725313
19754505
19136836
12287550
5094385
13992661
2308148
13863599
16443939
18391905
1107976
19727273
17129776
6825100
19766925
4911428
15469541
15067291
15203297
18727947
5836026
17140782
6356569
2048626
14098932
6242600
19388247
13178209
1500175
19704133
5995356
2356151
16454079
2380462
10199748
6254870
13828647
19358882
1576883
2532873
5370846
10408291
18686817
11566757
14787826
11561433
16676188
2747985
8493266
19480586
2936054
19457002
16273759
9537484
8341556
9510417
12268
16029020
572339
12111129
6012070
18502964
11659008
10228265
11565570
107038
14243334
18826197
6088953
19451893
11751641
4714150
4439224
9421352
13222966
512209
5959419
12967534
7000305
13278707
14014784
10886372
12926299
2650787
17552660
19075820
19593009
5414718
8818977
5353951
5116726
4780825
851514
928576
13074083
15942403
19089258
11408543
5029201
16663593
19991848
12982854
17426051
18599321
9575562
14178020
19640663
16424790
7221668
1387739
20129645
8359159
2881658
17828861
19890644
22600
11727719
11163043
13980712
6523409
16185116
5120112
2160591
13059521
16647952
16283994
13098871
3343050
6655618
17865967
16434349
19413691
12083896
7187730
18499120
823088
10705381
18066733
9920607
13243538
19037596
6722481
14478995
795097
18563817
13221548
19578373
1824965
19922532
7042961
8310064
13797199
17149468
4556749
294227
2995701
8350947
11666286
12760883
19750905
11503195
7714397
5924226
19077291
17333488
6887931
12290964
8859441
15728971
14830763
9616729
8271417
19450626
19889647
11793965
16820367
13353168
1375503
5596445
17905970
15432276
2638714
18875131
8117310
10696861
3601900
6713880
14249845
17266239
835138
800941
10402344
13260827
14018555
15985382
809548
513384
3951270
10793236
16361717
6921249
7510971
14884022
11199297
19129714
8928236
1667079
4129909
1934512
14121135
10462223
19514305
18042600
19074223
8379136
17163408
11223568
7459928
3346569
7728160
13724113
3729469
18524413
9996425
17215410
77944
4173256
5595757
9833588
18001465
15473161
19733889
13390607
11775483
15394503
1604768
3676344
19472560
13786971
4194494
900301
7029207
11473278
9710538
5288376
14564729
19173830
10216347
9724839
8368723
17870558
6638539
9605317
16800737
12102643
16960194
4507387
18367831
5428233
5508319
1464337
14927256
13159918
15840767
752437
15581948
14197405
2272120
17562500
17963138
3978017
17295620
10160111
18485718
18102022
14607359
7417520
616585
13053248
793447
12844376
18911482
19227077
