7842613
19167190
12964841
17675838
17167879
12982976
18719946
13821652
9061733
5373703
2147679
7734083
17470561
19824435
2567639
7047016
447516
13695610
2076918
3475996
19859513
2129648
8398955
7125981
9430303
19242970
17620184
19204858
15882438
8054651
9818935
15506396
2255825
7324170
8379499
5386580
3228923
3661319
3193275
14161748
14286952
1998531
2775807
14124453
18487817
9625680
19545292
2219042
7590664
4529699
16195143
15787115
5994604
14024900
3583702
19584091
18448391
7297424
492733
669640
16626047
18376034
10060306
4822179
1734483
1791593
15086414
10430715
18471276
5864771
1428328
19620804
13957674
830173
4680752
10428022
20116217
8369029
5416267
15105519
10084168
5501566
4162043
11983777
6846774
13078211
8988451
11450917
10079681
10230907
15238366
18170801
13170664
3584269
19748977
14056522
14043418
2319749
13521270
14915720
14242538
3065873
9860571
17497085
4378590
19629899
18983711
13798822
6656658
2769855
18766795
19231181
9004946
289591
7079304
17900466
19231898
19378046
14029928
1897518
7001872
9525925
13530588
530247
4443018
6428581
1399273
14784778
7481451
17150666
13697734
15916019
14752077
18918178
11834131
4567074
19808511
14242591
15672772
16090253
4643424
12457244
14987516
509344
2053562
19204919
12674046
5211416
12288522
611064
3928833
13236148
3209317
16091710
9586780
16453560
8877006
4631896
3209892
7328260
1966964
3548133
9587998
13951290
7144317
9940300
6900237
5217450
1826605
6037337
4816830
17085344
11857474
13076852
15421125
7728510
5334530
8888595
10402540
18752019
13943529
14993476
16312435
19013018
7073312
16776245
19941179
17607554
6939175
11838032
5770077
14394754
3329120
19622042
16920454
4601494
17003238
12703904
19249074
11731576
11801800
17588618
7409026
13750620
18547456
19775206
19156321
6717152
1702580
10306149
6245268
4084603
5613055
2273123
9297920
13709954
1183172
13140012
8549952
12525283
5621809
13823108
10681758
16241287
12350450
16280458
770556
10515799
3176553
2224417
10130925
16425903
148675
4196039
18928066
1283453
12037554
9840144
19423186
38833
7607860
17688604
9759592
12980468
13714662
19065663
1551164
3688187
13560036
19846863
13115409
14329230
14769083
17196960
18072867
2017397
539828
17262266
19524305
173742
9357156
16944844
17604402
2471764
14843553
18439564
851805
770232
14012826
8972957
18448219
10754087
16451995
4204147
7358303
16997161
17103946
13798449
19580196
13096146
16413354
12131412
7408766
2492399
19583333
13886994
2526297
15767037
1985847
3447238
15095408
17525357
19470682
18700977
18866902
4713127
9830452
13782741
19527589
3164173
17403713
1854377
19310054
18548112
14838160
14659397
1881846
11489522
9195534
68099
13890486
312477
3236914
6104081
829376
9619533
13664306
2809022
19805513
14366054
9126354
10041175
12995569
13769545
7275910
13941671
20007131
3826119
15718513
2401938
6950032
911595
4658949
8595359
20032729
5138473
801920
11434829
11084099
2793000
15260857
15435755
3516878
5791844
18133502
4350181
14203988
959911
6509218
3608160
17847679
16414434
2465270
5271427
12845423
4747213
18145207
13695178
19136267
1201105
55071
19950879
10825898
18180908
768986
1549535
13026414
306190
3248044
19262203
18264609
18488578
2870753
10413576
13002127
10115411
17806147
15771823
17589850
5279709
645862
2819678
19501157
6491409
3022394
12284189
11148869
4820884
7223773
2058614
17251397
19482743
5793654
20010730
11167060
9457282
2391218
13344259
348747
14234732
16273206
5368802
3176364
2495596
5266717
1984390
10152788
10717033
17275720
13033833
351530
12028699
17264669
13751529
5802521
13428478
9778734
1461814
8045639
6312331
4695428
2787444
841978
16361085
1135440
6450218
16673389
1130680
746267
15000861
17394362
12121821
4090364
416014
12786417
13594127
2783935
15435118
697851
13781447
19768219
7373151
6614068
13603530
14237854
11633881
13543160
479118
18063806
3638454
10873015
12543823
11959520
12883315
1235717
12516314
4766198
2440357
4782425
11885025
8412352
11352791
10473930
11130271
13239181
1383519
7073896
11588902
13764743
3334616
6725994
1239293
16570026
4311648
14422280
12542406
20004411
3910966
5334001
19238006
6792415
812671
14679066
11355659
15062525
15146205
11136854
19280011
19238336
11440252
18554041
19727273
15304594
1777138
89778
19622907
1114080
16556049
20086375
11603669
18273666
10779504
19788253
17896042
6840946
16121278
3582509
14784932
12259770
12227769
18175980
16465638
5797740
14073944
2957248
11569560
1220423
13601987
4624521
16248354
10029036
10941762
17115615
4122052
15884868
9459037
18042306
16402919
5634605
4491200
18891652
19072201
9941057
4506862
2889488
19620527
17530825
16621198
19322907
13648373
4515288
9056326
3582761
12827921
19324994
6030625
17701531
2778250
7355831
6792702
2133186
17742294
15692444
8167182
2755601
9642372
4303196
6384330
16009668
22979
18372096
16083548
8390906
3207314
14723414
14208848
13290635
5590718
18765308
15902750
19729805
19081015
11702950
11965432
3272296
3876683
917739
20007891
20087139
16465236
15447815
18416165
16188109
7559708
18766531
5392100
4593285
13764772
18995761
14434118
458377
18513422
2536336
15662215
6304727
19292013
18751527
2949800
1472071
10882944
7919096
793962
8186068
9835350
13221788
18462486
16951527
4659799
18960420
16228829
18908456
12507832
14479443
19514434
16699001
16476349
3280278
3687388
12200816
18397207
11357729
19279032
19779043
9164114
19187304
17875615
5810710
16880004
15453319
5611700
9171448
19499716
9418193
19836179
3654380
3223426
19501242
5712679
9521700
1639410
15306538
17314737
18023740
1062688
9606492
9064732
2355058
11309103
13774263
5789146
869522
18223539
11140373
17786914
19254784
15191216
14885018
7315820
18594528
1572774
12962911
8435622
15163927
9742820
12979242
19689686
2953058
14854304
12938703
15717644
17976166
3385070
3343978
10334047
498859
15873150
17710686
19706068
3542437
3789129
3108206
12251481
3551243
4328471
16707996
14050863
7068851
7113742
5945281
18053223
13126582
2970820
6394586
2085478
12787939
3005657
19524232
12909517
13556280
5394335
930364
18340566
16940417
6931868
17510447
2606331
9464543
16487396
3095129
7412855
13813674
19346022
18512048
11449550
14466319
6174942
4222720
9985946
17606025
4014662
17937446
18222309
19505573
781946
16719558
16140821
9412522
16243197
14426347
18684613
11688784
19744330
15970176
17896965
1223543
15639079
6982403
10985227
19141432
19242070
17728406
9298426
13372832
281420
11645567
6245785
4853287
15086862
3183593
19398667
11703847
20040929
4636759
18733953
19615109
2613681
19188950
1052706
18741605
14555783
11562327
6542759
13311019
17215410
4318364
15843543
15981654
19694819
19005429
11445591
5263507
2950937
11819334
2983587
7731669
552951
9969611
19364876
14226355
8666693
12972533
7448093
18762002
7459928
19502017
18631762
15966657
12965649
791720
9291604
517654
2082433
17649138
8859006
609068
16274292
6336079
6085750
4501726
13638234
19804599
18765402
1435825
2025095
2485968
19804577
19625234
19190600
7522575
4467154
17579656
3236583
5981046
12960002
12860761
15773165
9713332
18399128
19409677
3522472
2995881
18652978
13387892
15911911
17927748
3858822
1493057
19031726
19230313
16241334
4838761
1439028
10966240
13069395
14335272
1670019
12227645
5508319
1456438
3969903
9246005
5836286
14022421
10588624
5965961
4849159
9817374
18006768
2412689
14035579
1254457
1594071
18240957
3144777
3549278
4893011
1444924
17596298
5237626
15515268
1314262
12034787
11434047
16047581
14372599
16108700
18382010
16877254
906907
5187648
5625264
13638018
5995627
725986
3220820
13320522
2551226
19575677
14969728
18442072
492402
3082950
16925272
6024790
17495286
18681060
14076247
5602244
19773787
18217994
7341406
7544093
14949914
10133884
2739832
12238056
15911064
657858
8676240
1800580
19623083
13267001
801583
2023454
2362970
6716444
771647
17183083
20048699
19543431
12049166
8517528
18723852
2515634
13927855
12795054
13088730
6271520
7203867
15342262
7021351
19475567
9237147
6197994
13467391
17645645
4276215
1372751
19360157
19501082
10884346
1109582
12905984
5011392
16913126
16623160
14681094
17757060
17154220
14496460
14497296
4424460
12600583
9159204
7230396
10861390
1889083
10962
7276282
3288539
1846821
7602826
1059252
8326389
18567818
5334293
448049
1286809
14417248
6818511
17919575
17108693
2676510
15497603
16197934
17023591
2184600
19560761
17606358
6454890
12794245
10360646
6515989
15559439
6795515
4793055
5433595
577133
19735135
19967773
20014034
7736830
15336922
893656
6032168
16907933
3239186
18821560
18149618
19307033
13799362
14039871
2790343
16378265
13392569
14327689
12511565
13491432
14561662
10806448
8981677
18389809
235552
19672913
18491567
820855
18043457
4753639
4150449
14767551
6755970
12968791
13488501
16911228
14498703
265506
19871503
11644404
17224797
830490
6373528
2074985
15960967
7242381
5267153
15097120
18652181
12615961
18968175
13116027
15877848
14538224
12446371
8123853
15934664
14650584
3715840
6087163
12445316
19672349
19520785
1449357
4930683
11898075
15936096
9524467
12801076
18288391
19083845
14202390
6905145
13773742
15298411
17641318
15280645
6541863
1342202
2346015
11472593
13835798
1215902
19522861
18005748
809503
19037243
11574785
14713936
2399319
7019802
4254787
18291057
12342269
13613760
16374640
15866121
2807615
14066456
9356225
923725
7315724
3949975
15043817
15109223
11080250
8606558
11017363
7359842
19932553
414801
4877953
3562010
5494374
5842508
2475045
17761230
2984662
16022880
3521391
2365486
19899950
14102790
5266834
18499074
10544143
4520449
11881484
18626709
9713997
9879968
18628447
14317918
16052932
1501832
12560110
7280643
150800
6686559
15540580
230380
512348
19184576
6794073
2142063
15067322
11921356
9405124
17508940
14753108
13425553
17957519
18146065
19799964
9590810
14020260
5390509
18835170
1622218
18550775
10887817
13151750
4982107
13921768
17238069
7165585
904689
13509472
8198034
5005774
1298906
6865496
18717486
2058043
16935954
17039585
13990066
17682354
4418040
1890259
7556657
558651
15971201
7982304
3835740
3561594
14030375
16361200
7969469
18374091
7528590
15870194
18957522
6659165
9354364
393016
730480
13710746
8031703
8837190
12940332
8279504
3422755
10390142
4938326
7674950
2379865
18157699
10700888
19122211
15827726
3478624
8955455
14281111
5888002
17761051
19939963
3633159
6170845
18258858
9881585
1831778
6760831
1936795
14381869
2612919
10542054
14358416
3282550
15616659
16067858
11971212
6490306
17022973
1590214
18002506
13957144
8171530
10609012
18547990
4581988
5860831
19113971
11008930
16634122
6356661
5991556
12067282
5616298
4033444
7526092
18740002
18420430
2683455
14012748
4504353
7561349
12955402
19257904
2117461
19807710
18364118
6098428
13356669
13782591
13123303
10212066
13730575
17853218
1558461
15187369
5219332
12247667
17107385
11982454
1637178
16524261
10104984
13726512
13669653
16810657
16397121
19152886
1147043
15494968
1726732
15774061
16685720
18799695
17165400
6456601
7140820
4836175
18631040
18993115
16505846
8537109
4529822
7538082
18790251
19752331
3470978
1236221
16256074
15965406
3754546
7091194
9079542
2893116
18246037
13426626
14556920
3966926
11517114
16529846
6087090
13290156
13206241
4876735
12000916
5511865
4717330
462986
8932463
13571060
12972141
4357892
998382
7895104
12217231
16013940
19057479
19197064
7344761
17614711
1565084
17857110
17262331
195971
6228461
14486991
625035
9361107
775280
15915159
19573782
14518858
4026728
19456852
1572729
1142690
13334094
12805170
675506
6496016
2669865
11795853
242569
19152994
12146446
13619385
18370135
3369580
12761279
18641677
2027740
8444115
16050505
18586349
5926854
19918060
17379275
19408531
8838341
13430616
1949977
20112444
14817794
9066389
9433068
14215652
17006010
474090
18594615
6556587
14967484
17734621
4752249
18253799
7968983
8949135
19270555
4580775
3987858
19866050
12003790
16905622
7396507
7159155
19901481
1671482
16286623
9838383
4347655
15931762
7525950
6690241
5936796
10220733
643548
7306012
18100773
4991880
9197564
18584180
15067164
8592740
14716742
3199937
19633351
16131965
17723374
13071600
8759949
12477449
830069
20050322
8671786
6387004
7620355
1022179
4508524
13085817
16025419
8163275
13276525
2565302
13167432
8796272
13388695
1261079
604193
13343221
9508034
13662078
2253490
17524862
6291454
17014809
8085146
9074084
22600
15577345
8168670
16195191
18147587
18035421
3687754
7854999
7943524
10472183
15574581
11342907
10206951
1387132
13781233
2305890
17948449
12129496
5179882
335306
7858468
10360144
11453255
13061354
13535940
9854424
18701571
10043959
6973598
16771876
9521009
17627822
8264579
10129961
6859061
17836147
4469264
5950656
13887365
15620835
12622103
14408114
9624930
15552357
987329
20003881
5938967
19563828
14314240
5217824
15952339
19993186
18291056
13224838
10466363
13859041
7291934
18628959
5576534
14106148
15214922
5276682
18531267
19775292
18781913
2635642
11974638
10133534
3285880
8340381
17512059
16770503
13744466
17615470
13175469
11121178
909868
9892131
10143278
16082372
18885920
13642631
14689147
2240053
18220042
19596151
4481765
9697375
5817926
15213160
310325
17554889
6261783
15520036
8408695
15310407
4974125
10683207
19144853
7817350
19704255
1000358
13062379
643948
15409824
436955
2087524
14879681
9342332
18150372
19748760
1141682
7106464
15166102
18804995
708477
19930269
13926858
11989120
5442470
18904829
4821273
2644545
9776344
9844567
13371629
11775601
16500072
10104777
5916151
13840812
2693622
6599882
15408188
14027065
8532892
19321422
6996902
13602762
326908
10376565
19701365
7143526
13016417
19614154
16848622
11144157
19937997
13742360
17898692
255476
712619
152819
9463771
15340854
13575747
8756685
18282669
10329063
16176701
15806644
18877051
7634327
19760715
13357497
6159882
13112632
16286361
12126771
11919335
15550762
2481279
13602090
6701300
9291349
14759627
9483720
8617993
7125990
8009524
16970093
13440244
10279086
17828090
8044678
16374376
16069243
16586100
19656934
11080181
13723719
3214179
16853615
12130061
13545793
11249193
17158871
15285902
18851587
13844887
1230495
580153
13667440
6509147
5609074
6072315
19517136
5718736
19166581
17051399
16608388
11417115
19565917
12901480
13872325
11221482
13880509
19965846
19994516
9426297
3711630
18625277
12071454
20032976
9643974
18152290
18018850
8606538
2817798
718659
11770154
6364324
14395786
1239345
6682149
19228333
16108778
9350479
13852166
641829
18699682
19121074
941179
3235995
10540910
1884900
19101395
11039413
493359
5798309
13665083
7899349
663911
12808667
1248033
3779262
16182907
1860838
19374076
7426949
12439359
6232977
1345083
19235368
17233150
8189063
9976509
12560678
6322501
15311700
16331736
18225912
19739890
19293853
15468823
6818255
12671106
42580
7442080
19631561
16254109
2369814
19341978
10920838
229367
13382651
16630410
13991378
13631568
5910182
3993392
2283001
17611540
13696257
4995993
7162441
19600522
13732267
4579915
3450178
3723201
16334036
4426585
19527972
12282022
17263673
16146828
15484399
12259754
18701413
11257497
8880707
15418764
7915924
13597972
13213331
10545779
18927952
9369677
18911893
10396800
4430657
15466742
1026702
16354886
18526162
18692321
1444826
9025557
19171155
847690
16584606
3554598
324115
7982791
2627455
16045183
17539368
7348714
18648646
3940301
12630411
6868147
19501440
3344815
14294443
17873116
15755990
10649267
1291160
17085868
6645011
19080761
4216026
9435531
2185913
19902815
12960358
17300624
19120544
3531678
5260588
9933628
7253912
4437790
139889
16229440
9683019
4840381
16935223
19004388
13818171
7850565
19012262
6202994
17426037
18236508
3991028
16120794
15461942
3712330
5704969
12823429
16767769
12534183
19871349
13185092
10215758
18668925
6057615
6933036
9837051
9483623
1993937
739811
17717177
7566673
13807308
18612376
18704305
19686989
1300540
9429904
16552539
7839783
15205201
6961641
12950233
8070146
15345313
17949077
3300775
854400
17382679
12112963
18196763
12160955
16868635
9638587
18593756
16064442
17637929
14346568
19799221
13597955
17035729
16129700
3677769
7572677
225747
18700004
1975204
19131220
18320247
16274555
12929704
12602447
230956
9640859
19098568
984655
1446224
2480814
4386473
19915562
265036
313730
2165796
1014305
18610595
18605378
8546600
12666669
3401937
14220943
12769822
6077354
17988315
11695801
13243313
13560874
14563021
20059514
14076429
13201181
15036809
3715638
6465669
15048371
14105222
15956379
15136699
7199642
18053967
11699367
15520357
17674332
1038847
7910771
673760
4497585
4708146
15247262
20119618
1180473
18624172
4323448
19569072
16413128
19400167
18704012
5691755
135706
11387548
13304928
4789199
3188798
15845714
18758505
3357140
17521691
10616995
17472879
6853301
19978181
3161321
200333
13420872
14389936
9348145
13906367
19940651
16251872
18723947
21421
7159258
850324
934094
2969630
536884
14071063
2085772
12164693
1091792
13587071
18435030
14049581
15002687
16341223
18611509
19584739
19225296
8757726
16893889
3194933
10881719
15655772
17952277
9658556
10847959
3043223
14002873
4217205
13923432
18453780
15672618
14436857
17507263
6904906
3729388
596373
12731291
18947023
889296
5525614
13849669
678427
16162363
7643901
960069
4907207
17691421
15994241
16517719
4763612
9393332
13439296
3962586
6072174
7106927
2018124
8385874
16290974
16435553
6500587
8566656
18793420
5680537
8726488
18191639
6235648
13813220
18922061
8829277
3057868
14491976
3782441
7192724
478385
18393189
8666457
7426597
9674880
6681997
5333453
12262622
6332246
16095804
975037
13512436
12970855
6167466
653920
14671123
5986114
3320698
1170113
1566338
19367314
16664017
20087375
19177269
12290849
9331957
19732482
7651418
14978010
18602191
20103441
14789409
14038649
13514679
2527222
6343000
11265518
13829928
3278810
11284626
16151590
13081030
18325017
3125838
15664674
4405826
5872641
18544075
19693216
16935703
3032705
12768838
12614081
16840377
3283729
8435967
7919636
17357072
828915
11275579
16139091
5655686
4705214
5833544
15756714
16735150
13742517
19245521
1016320
500577
16023241
13124748
13054441
11517116
9093446
2131349
19184798
9376335
6488484
12775106
10472004
16932750
15095387
12727779
16150911
18428665
1097673
10224998
11395076
15165163
12730038
19926483
20138083
15502654
19666722
2205373
9764969
6426032
20061098
15191225
13791062
16699988
3679289
10807749
4384687
18994539
16538841
12277260
14325576
18678277
5317
16077764
13052359
3400907
10165181
14787672
11630114
3905256
7192268
9613104
16274520
12162891
10168617
1834045
1391683
10358148
2454667
2402637
14287601
744333
9949501
17769169
16992608
534016
6657948
15169855
19495473
13373837
16230278
9842492
7775879
15048659
19353938
12371542
16688098
18430225
14037460
1145337
6939859
7900437
15836931
6869858
8369363
4122050
7416652
6756543
4377415
19362117
993962
3230060
14147107
1269755
3740014
19019082
19745929
4518306
12438347
17152098
15378372
10753781
17951470
16205431
15540248
18310832
8731259
6121052
15184330
19747017
7738505
6499331
16626
5667159
219871
18796134
12223866
9185329
19090348
4250245
8362098
12084369
7275231
3483774
6210284
15108449
9550485
19161316
16474967
18177280
12086433
19578658
16525651
13095172
2443270
754086
7460924
15220594
9113169
20041141
15409227
13762397
13412251
17414133
9675061
7298203
4546657
3795308
10666877
18149141
11366815
1292160
10727861
12607193
11409352
11022466
18782975
6733842
16347860
3678794
3752035
16737286
15299395
3325418
9060448
4431720
11172569
19829773
16081624
17653754
4556213
76484
13899267
17774890
13182536
17900681
19488017
14038757
16919936
5130048
1638193
2530537
8153240
13407067
2852082
17915467
584703
19423146
18897743
4472065
14806670
13812527
7694418
14131244
9615806
8160152
1152665
19104606
13601830
5260826
596346
4218742
6641231
13932799
2093304
3058977
3567258
6543687
3278021
16332869
14787388
19482492
7309236
7041794
354285
731327
5252559
8543272
2626246
1688158
11520741
8681376
6400893
13674360
11411801
19462597
12652935
19676730
15894025
7600385
3977547
14493011
18915423
3654137
14530570
601294
7525536
5851174
3581956
15469405
1265134
14439663
193853
7493447
16916510
6745121
8608841
9040792
12337002
18181705
8638640
18303023
11683806
7815937
20026818
512353
13788774
15530545
19205726
17044984
8915246
18849507
16629945
6312377
15344808
9538106
13267724
609987
17807553
17448930
19937253
18284361
10380029
17567162
19427178
9350645
67299
11121029
6164348
1067956
37910
17261297
13244223
3184493
1117836
8500259
4648727
9492265
14473548
7028004
11927043
9628899
16219202
5062234
17565364
7004616
9618986
5044972
9919042
12835085
16525892
275536
13531930
9862364
19466964
288141
16528098
19511245
18326238
4030280
522435
9300097
19351484
19488196
5226312
15357450
12145002
13106639
561155
19179863
2918393
13763226
19889307
12403252
9747059
16228697
15909314
6487693
16184975
682155
479634
1062940
5224779
18908888
8294259
5899806
15832351
68705
18997371
4986296
797567
3042398
6438254
18546552
19105614
19599776
2279335
8285350
10588761
4706352
8710197
19693070
5728502
5867045
15249986
11766100
19988573
294717
11279655
9117656
2342132
5099600
2640106
1792303
711635
12628369
16311190
4025604
1073747
14143134
19426429
19597456
4823905
6372781
8808811
2230095
1200175
14534676
13163705
19549450
2263557
9378702
3037206
10788584
19780093
501192
16969460
7478860
14016708
5538720
5850693
1986572
8379934
11663730
16058465
13306156
13249656
15787951
7239264
15805414
13462588
11032953
13461134
13526652
4721007
13907158
3802538
13871094
3621388
16325588
1716410
11654073
17949157
15220070
16000388
16346522
17554900
12876574
3973503
18651080
16288861
20118804
6279391
6892731
17512116
18306509
10423621
11750223
19761194
5342759
12895337
19615427
5020687
7452983
17651371
12519008
19905944
4824013
19439624
13463378
16022298
4481427
1351634
3353937
173733
19785679
9320696
1692823
4723545
14869642
4623696
1298482
15865298
2015884
10003891
4186463
1381314
18958110
12707841
2742838
4789883
19138195
14683189
3624784
18633129
2518066
13128361
6620594
18687343
7061575
13340925
12979758
12827964
3113499
2973405
17825276
3128430
5183083
548056
19398843
8960122
3063513
19322332
17049908
19843339
14741343
3895378
19784178
6998136
16933146
1129483
569891
5428988
1375693
11881882
14567608
3416505
14383283
19783691
17779879
17894985
18180304
11649223
1387431
7428702
19220110
3557551
9082756
18003715
3542523
15604507
1328557
13935259
16241285
10835723
13029039
786975
9308722
7349064
3514932
2803634
1053383
5602927
296804
15545274
3676579
16329298
16270185
8350947
3222019
15801079
4612894
13819904
14164004
18191241
12228023
9603346
18249722
5943977
15657791
5572300
2545091
1396426
8495038
524924
19599693
6800576
19523110
7396662
13802723
13427383
7269990
3214039
9955936
4947623
20005109
3235603
15841161
5122864
18676475
7834712
6001852
11905646
535068
1059786
17156397
1876494
16686593
18714641
14952574
18140227
1827795
15488511
11447527
12900045
3309982
128423
1537166
9932586
1766243
3225569
19331620
18971301
6334614
2133271
19463537
516643
16662770
14487500
13911835
3852472
16965705
5982264
13261665
13406622
5670888
16406680
12689954
6320497
6456977
18316194
14506187
12780814
20063236
525668
12563110
6979302
9055850
341112
10846443
13634883
12996769
5084942
18413127
6804460
9773673
17216954
13552345
11335937
16173806
12302481
4500806
394111
3407876
4843517
13724113
311343
283377
3576160
17843852
6835003
17647138
11172811
16821902
5676300
7262360
17353155
14865705
5767564
5869476
3929303
15598367
17479321
12843680
1409940
3288701
3895289
18987899
9004768
7506387
15278150
20130992
15050389
19331658
14885177
19372545
4614838
8737784
18253272
19421153
4564995
17458924
7299412
19221092
6650655
19282728
11658122
6594979
4690442
8535125
6934740
6998187
9073987
3738529
17528042
2589913
5904538
12214436
8962675
19630358
7024538
19092945
19496266
19127183
17003994
6764458
19013001
4765033
13027489
6773217
18114358
19794648
13582995
8611958
7023636
13638122
15839687
15947604
9697362
16368756
3320193
4460135
12309190
9414024
10818552
17985433
14010862
8797253
11733158
2853344
8157131
8366439
5998982
7644335
314982
13464954
4974843
13775856
18430620
11443250
14052548
1482333
11938614
9419236
14460900
19093916
12851552
11168228
16859979
2007179
6225501
19382245
4687188
7893557
4728016
8686167
6631260
14808832
12988252
5831727
3240268
19714819
10148588
19729034
1984816
8719342
19069900
12240889
15423923
197753
7383804
8978532
7297279
17468430
9989322
2590251
7065974
16345939
12462962
3023625
14162034
3485641
18728166
13430798
16686303
6244381
19019311
8503433
9382662
17262106
19326745
10567241
14626343
12943627
7308999
6463793
12674824
19079670
1970177
9405334
2148244
3662285
19484825
16660384
1593034
14147114
11659652
11941173
10543902
19527427
14138032
1374199
99070
1715098
1655884
14809565
970967
16215626
1404282
19795854
8030333
17472887
18762217
14445679
17360955
9104412
8421830
18627235
4881610
4267133
4264100
11794182
17570498
787167
3368292
18881398
5266139
18633710
16145588
14326348
14716155
19547222
19673833
582692
19222766
6567079
7707434
8372748
7218654
6410554
19083324
7053372
4534658
11205664
5712495
18048473
8765923
14272725
5728241
14661973
17095851
18821485
10193302
2240253
13489024
15577586
3468919
16757396
18775696
10686350
3814363
18898150
14295544
14753339
17187942
10185960
11700750
15507768
17413186
17905630
8389603
18634739
12806491
19352112
12819360
8480520
13955165
18685823
17284676
16412522
18279517
1199625
14259300
238208
16227951
7234842
10844076
2021064
11068011
12374767
19475130
10778898
7152513
162677
12158766
20009498
4758669
13639529
17963028
3082418
10053943
15852562
13459409
16329418
17501816
1155616
19372893
7032396
1753588
964226
18282814
10692824
12647461
14187305
16178467
11366102
4884557
11981678
2974877
3593780
5768967
16364810
15005375
590990
11165109
10718686
6237443
16964240
19237170
5915254
12120205
5898187
15864683
3383183
10527486
13163116
14443059
8749247
9244024
7184775
19355497
4059726
14682944
6232203
18997986
2896534
18787950
8827433
14973085
18204753
8479566
15128935
1167478
17165929
18139738
17986777
15951051
18961687
9709113
8036849
798022
12137482
6940925
13039122
12667131
8789363
7070487
1165849
16036998
5144755
484504
1088256
14930037
17780572
18386915
17853350
6370286
4949007
13245726
2465749
2563440
7301417
17988256
2809021
405408
16185312
10208954
16484165
12923126
7337248
6619779
19738695
19179372
7876851
5917209
9663519
19455757
19742946
2174189
6703833
4606614
4307991
4242976
18876322
6022963
243442
18181381
9167820
13931542
2889623
9731972
7884739
3401933
13213672
7363850
14832091
7608983
11720980
3032076
789596
19364847
13433861
15815300
5682548
18928149
16360279
16961197
10598941
16721031
13946033
12555245
15464241
753181
13440662
16595614
7785279
19281361
19746166
13303230
2170618
17541176
11253476
17459770
16404945
11225543
18710467
14902229
18923974
4887417
13362734
18580440
13766130
14126586
13823545
9788436
18961150
14531302
13468728
9365502
16666789
20027264
7686741
19589738
15988535
2429896
6334492
19337492
7711899
14386978
18744561
15543080
5091056
5152230
12448197
5821886
13851957
19717286
17040435
16737381
16282075
4456312
8922501
2782104
9618520
19640140
4121879
3440595
19530067
4860951
4718031
39572
19901757
13765562
18983727
1279655
751766
14764406
13722100
8946914
13320569
7227965
7482023
2186743
19654034
1967791
6597010
7495043
16298720
9963448
15236496
14612505
2843683
15248347
6405062
18075546
9811273
18301098
14815235
18034786
7436384
13718259
19533245
14420879
14885186
14952053
1744601
19850309
1654929
11724255
2755654
16334356
19820038
7312547
18234829
3603134
7463912
4831703
2141697
19163061
6439338
15305235
877633
1070851
3509591
10588166
8043738
19818748
10187402
847885
16202414
3520859
8931393
16282851
13543922
2883351
13894004
7418874
12986700
1005867
8665037
1094659
2796512
14825848
6452138
4226549
7902291
16410907
4106051
13392607
19296005
12089661
3199707
8121484
7428604
9226066
6185250
200845
6167249
8272209
7539764
12960473
15425744
9395128
9826081
12863062
17500999
7065979
4864719
6356569
8375040
4720137
18499539
5569167
9002760
18375622
20012816
5778166
2969454
9046980
14171452
14334831
1021122
15715089
10092761
13818686
15716112
15360451
2956695
1390317
18090698
15308360
8939409
15615732
6273185
282977
19243580
10135531
1915918
8999205
13545429
5760513
13151028
7969174
19584064
4624874
13655759
1364350
13619110
5820506
3795084
19955759
19343034
3736296
4815392
6536047
4895497
15365558
1660819
10967698
2479854
12697481
14577490
7604841
2493176
6723207
6395019
20041364
3641667
13181548
18843952
4775704
10115137
2118102
4804228
15979823
13385587
2035815
7178121
15738968
7607907
18385187
15294019
4991235
19908294
16812429
1806445
18400291
19139971
19784973
7358687
13810069
17851756
11825529
13459327
16576716
4901568
12106165
16552882
16711728
7746556
18916415
9764001
74053
6533961
15564439
18528717
1407190
3894100
8868841
2208687
16268922
7631602
4045353
8702467
2944654
19654970
2806572
19501562
3865141
8481950
15511360
3604673
8427638
19059169
17514949
7885123
5394945
18286212
2685233
19646373
6035510
10693883
2143543
9972704
15049861
4335999
13164204
18606631
10186647
794142
16570637
9758378
17381221
19407360
17666389
9441532
5238229
11156918
7575659
16334597
6788349
12362243
13863496
2441117
9731041
12323062
2857815
12969014
7564595
253846
19277015
4445375
13078772
14006083
4350415
4585330
1246639
171964
3561338
671633
13243124
2044872
1720909
14586746
12920279
11178041
17987233
9863860
7233779
7396017
19346277
11142747
10613212
5006927
6136342
15813116
14665263
3886889
7416452
19874046
14068074
1949999
17766826
1776859
2641978
4700082
16434011
4499088
11287142
7437631
16320526
7837670
18961560
3785719
6475906
5278803
19279519
19095401
13350548
19618550
16105187
18043362
17716319
13473968
4442674
17759868
10545534
3111879
7732734
14850202
9227747
16711009
19532023
17327545
7229335
18489226
4006264
8167884
5903465
6865099
1234139
17246001
15296974
18672536
16657600
19834602
1069239
15618546
3455900
8435067
8042158
8815979
4558395
6298352
16792116
17733614
5065276
16346892
7161868
19562415
17501314
13832022
15543031
177451
1607945
8629638
16436871
11909668
3290939
16026815
3824598
17556039
16335283
19401775
17458503
7500057
16751447
16328543
2774857
18286728
13319749
14461004
7748907
5984542
14651111
14361992
13950425
18364238
5509980
9425524
9240346
19860903
17076094
2395088
2173529
1341458
4699774
8183852
11789853
13220851
19633925
7022006
10102011
7214528
19698886
5250051
10919968
3000130
15801972
17961190
14465553
13999283
795234
5232797
3372279
13093872
2635058
739138
5297563
751631
10376611
3302577
1349264
7729018
2678638
13594577
11638329
3528472
18644634
553502
5543976
17872285
11964716
2963694
8706897
5746469
15246470
13491064
16503995
4507059
16965509
13936660
10980616
18650643
9538326
807535
12706347
15872168
1646541
19519312
853307
16061958
1156482
942329
14801700
3128758
9364817
17539590
13523099
14831805
965595
14951911
16096198
8058447
4867559
880811
1155475
8364824
9992075
15531889
19724792
17787042
2429708
16018628
999161
14787727
51662
790431
18750416
13572073
551976
11972413
9322515
5939328
7085057
14244662
8368708
16219702
13953224
10152037
8192532
294250
1258048
16163672
1042371
18877842
2409647
18280045
5502961
428329
16001259
7860155
12222665
16797016
15387449
13477731
13407615
16341651
11172531
3708380
1391556
13315536
6719593
6798240
17852158
18215065
2104833
5280194
8114871
9502459
12509318
2017742
19481217
4587687
14293774
8605666
12489476
8912779
9046781
17147584
9246669
13695237
10167697
7693208
18173787
18426475
7526817
11391862
17594315
3435403
16492125
1059040
13427339
797314
7809878
13627688
14151082
4508140
3907148
5128626
7347383
5665425
2641995
18750243
19550430
13185005
9343450
11820146
7025326
3271250
3208904
12339486
11904899
61453
7832096
17268989
12754860
12651904
12543999
11650677
8053664
16369610
2061725
13223445
7533094
349420
18420042
13490279
18504871
977870
1276546
12761916
19630716
13905835
14967997
9756705
11155616
13340912
13150118
16338012
938461
17786148
3517754
20034082
19954870
16089771
2846939
11491051
15718171
9875880
15249079
18477167
15555045
16463143
18289327
17552817
2221852
6827241
13548608
20001833
1342253
16551215
2493804
16840015
5586330
12725526
13151938
14551681
1032611
18049856
13601107
16859502
3970724
1487404
14382602
3288678
6827723
18910492
10246816
2898897
2899125
17302485
16262497
7445973
18424075
14039772
18593003
15046711
8973075
19436656
16643918
8776632
19643198
13455290
17654077
6997661
16813856
20010783
17880865
15340713
8777172
13375936
13531194
19136451
19757788
4720725
7544086
19677169
19597315
14010431
6486422
19261293
15318014
9747618
4516517
19670458
17804812
4626168
11769991
1802246
4294969
19640013
18208081
13295664
15580667
9941890
7343058
13532669
19042732
16024375
5308041
14432781
17699325
17121563
12568975
3475630
2600101
1970001
2966649
2690465
19441539
6825244
6087132
4073301
11062438
10155531
14672035
5629446
3249076
9146709
18919963
10648304
4207403
3859503
15855284
1380310
16904463
13710604
9657468
13945242
18977036
18913089
9172055
503569
2599963
19124408
11132956
16228921
16893115
1979723
19519516
16333565
7410310
17241983
16047248
1357900
9701624
3668708
9293591
9617219
15549360
10667430
5635669
8917427
10295857
12087891
19521714
8723468
10018550
13127362
10262911
13977172
16613946
10050847
4302036
13933318
2024991
2865628
14389259
18206791
288043
15522597
18850455
9445706
5296438
3361423
1460208
11228512
6711276
7449162
2696481
3236449
18265728
5075441
9309923
19187637
18211104
15845751
18451576
19535553
16278864
15937146
18576514
4576821
9923117
3740914
18596903
18872564
13205487
17566320
6881466
19629669
18033281
11711250
10205650
15299286
17707702
15632999
6733683
18599296
2737758
17040496
7576439
19202213
5649623
13954028
17298736
4569276
19239266
13189406
16083673
15296957
11471070
11138910
13803370
3600916
5701330
16219205
1745275
19378130
9588345
15504255
1050312
6586405
11395512
12333706
18112626
4795922
14027193
16615437
829215
4588354
10220418
6928654
4332961
13359424
703829
2282988
979596
15275877
11496584
19363636
13440509
6395089
13814049
13645878
2681186
2634963
7269415
19378878
7004408
3354458
9585869
18308444
15114317
3404472
647359
18057158
11765674
16850087
17924918
1076176
2922121
7445141
15054884
3431453
2485119
12780293
6104005
16554737
15755217
10881034
16410698
4215853
1982003
14518323
18777549
14902668
16878502
6647743
16313932
20021898
9269155
19242726
4401003
13866112
6662919
9339505
2880806
14220320
16689145
7693750
13928304
19394262
10295800
8327633
962474
6839008
18020519
9514772
17992512
14800448
10783210
6458389
5452339
10109418
13167467
1656621
9777883
7364235
287845
19671620
18063815
1731712
1459308
7677663
3584138
7593968
7392760
3282906
19804413
15602234
18776925
20020751
13378410
3222038
18547724
2235129
2099952
784846
11729454
13993453
8099249
9986861
7706555
449130
14725209
6474859
9577614
13000527
992691
19154713
19454855
18274492
19094729
18523182
3861713
9642153
1216985
8306411
6342989
509332
15841075
15703574
8413825
11451030
11117800
11953837
11428663
4098078
2070100
6183462
15174145
8499397
12204814
15627678
14781374
16287615
12897765
18763560
12106946
17012381
7053496
19745777
7827817
658652
4053469
11649808
10488112
17649310
8258881
7346947
18453857
19688273
7556457
17706442
6298154
5800948
6124595
2753039
12841927
9588828
18918149
3240517
19957429
3558574
8732244
10847396
13530374
16507990
589114
3083976
19008691
5995226
2673213
14001370
9715956
16732226
4047638
5351059
4839016
16943197
15906442
2926747
9129371
6880873
18462568
16678104
7090512
13029844
14666899
9322057
12830888
16390233
4799962
14176519
3290552
19625266
17043071
4171009
18508959
10368714
18239623
19696746
12567630
7174663
2042236
16468083
9575809
17906955
15854036
18868582
19872667
4895057
18233085
13852515
16237179
13721531
6462253
1080284
9196408
17275440
20033070
4017226
19082418
17296025
15492733
19211778
15855949
12911397
10292744
15428304
6559932
18548609
12566957
12467769
13157514
6304643
4796592
6014765
4598655
6609975
3008397
17071248
16530168
13250660
15881906
9748453
20027717
13922282
19699107
7080533
18041054
9028649
19792349
4788472
13685871
18564403
3187670
5467803
2419635
9955765
2146533
10503507
19603345
16702610
16610732
18210104
13969283
592447
6579750
14967828
11637578
18267260
6232720
15899550
18912464
13636205
17524852
13074817
3823331
2002152
296142
19959052
489160
6642187
10114830
15546747
6762635
8994423
7064586
19923504
19528965
715289
12730868
9152932
4596694
16206887
231974
6911483
10933506
10959768
13153886
13615748
6567283
2328068
3124087
13651078
19861740
1817115
14208189
19871557
840987
17527669
18282288
19857613
9530293
9462264
2223048
1160707
17797691
12481666
13925183
13147280
9974295
3042547
18679416
3182352
16135347
17808584
5157612
7429882
10041531
19824097
10304370
6021893
1190478
18214243
19325785
9049582
4231350
18991864
13879570
18042855
4474062
18802040
16594573
14814317
16273686
9833212
4407428
18773987
17343735
12242672
2231413
4542631
18830899
18116847
16982938
19115647
525523
19317613
7237999
16263894
14694453
16806225
14086632
19895784
241021
16393331
237949
2235149
5093231
12830452
7964
17817638
4774763
12977428
16553165
17654461
6977587
17915842
13015997
10009751
9295651
657050
13972090
18801735
3168163
11520695
4857038
14719969
17988221
8210280
14329705
20045247
16592210
354095
7503559
18971405
6521666
13994598
13411491
5454612
12479042
2667564
19742452
17716466
8398930
9056386
8023158
16571198
8396468
19109052
2560546
2168443
13326411
16781276
7400392
19603367
17869779
2591876
3282723
9405895
7285548
14417280
744534
3982501
5905501
18394541
14232175
19210206
17554256
9083930
6260442
1381383
19739273
19637218
16241256
6620746
558331
12640335
17498368
19002815
12083016
5678499
19362817
4482958
4806693
1842439
19958309
15297130
17591010
18999767
14186909
19886730
18040417
18911463
14124648
6401549
3104964
12992308
19635690
12535784
8455450
12184492
18521969
6524549
14087820
1129827
203910
3364824
2348891
6964112
15192482
11996600
12928319
19002234
3387021
13847244
1301199
8737001
11391101
9748877
9159577
8517301
2236669
7947470
7615293
16014791
17294529
17389187
14200508
13910111
16296901
9045054
1660333
9849921
17043486
13758210
2220506
9204427
711618
18434309
20022997
10508384
3249161
602888
10512611
6788772
5928732
17383916
7397873
1056007
1761378
13711093
19691088
16069752
15954585
14725781
1110821
14165538
19151991
4612893
13946022
7222833
16992194
19851822
5217507
15741448
10825795
5528104
18781792
9635160
15969544
810668
6966432
12332789
4429869
19672530
12953867
19619069
17913901
8046502
4077325
16098509
8014459
13524337
15464004
253796
12382140
18703078
12691369
11248429
113011
9489316
5144689
2498301
17804805
18305056
181972
8519866
18707588
18354939
3058285
11731562
1854375
11812649
10174443
3042463
17908703
16848965
8771478
2226442
13729876
13777863
3895455
12665791
15582768
7866421
13855022
1171635
575579
15612004
17823037
11754347
6776148
5919647
1619412
4281159
9259843
485591
5067808
10120478
14312188
11582413
18506949
6803350
12538440
2329047
17698990
19764054
5326169
14223730
2676268
16662964
6900871
18975356
13482236
691860
6430553
17716599
18975570
17759953
8916716
2701991
20118920
15511121
5331068
7610672
275637
10251680
9804368
6897854
5136673
10946415
7218561
15272484
19632645
18446892
19991994
5538798
14798941
16549715
13846099
16991057
294263
35963
16356288
10930279
7744805
703971
3376533
19345235
10246056
14998530
18083182
16268055
14214403
7378353
19658800
7111862
15786428
7964494
6536744
12968551
16992781
11413431
18967157
16378118
2813840
6776230
19108740
3225372
6688780
8204392
5567361
18581171
18057367
164255
10774
19922532
15923855
15163535
14787323
819228
12696004
6860656
9652925
18238474
736874
4773032
3978669
14550217
551306
8469025
16477869
4521972
560992
19766636
16238569
8788787
724527
13170159
18899073
19602390
16325276
19705964
14055803
1557859
18946061
6443959
16032537
13030402
14429748
1255296
10893095
692397
14305419
19228832
16535549
9417063
7272530
19915364
15384862
9054893
19337878
5745668
16330737
19794193
6549510
6716066
19689644
13879489
10819763
11877891
8356683
4614387
3490317
2422563
804749
14564905
14691107
14726498
5028869
13686425
7032958
13734035
5398643
273423
14667844
7225849
3036722
14826962
401039
19825152
19498605
16953236
12161827
18153227
4836929
4643192
16845648
4766306
14461281
16915302
6620327
3007722
16565670
7300699
17019883
19578356
570276
18893482
10956183
15563021
17051887
763476
11222074
17039495
16090471
3176560
19217493
19533595
10670512
4062031
17940373
19184979
8765230
19712000
13083030
3946239
19301071
883480
4137414
10249075
17567466
19860737
19746652
16921284
3549476
18965795
17702057
14011511
13979694
2456527
17638265
1472002
2806868
16171133
1844409
13891515
13374040
7661131
10130342
7659668
13299966
2236458
8418332
15381415
17279864
9229862
14616377
19161216
11717095
19489293
3250685
14198958
11582472
11396152
15118742
17920450
8337512
15484150
12549290
14252353
14277812
10590139
8570705
604913
1619312
16528995
3392783
957289
9851911
FIM
115
II 17247105
RF
RF
RF
RF
RF
II 19700114
RF
RF
RF
II 1361957
RF
RF
RF
II 12573120
II 18002490
II 13432851
II 16400753
II 3859131
RF
II 16476669
RF
II 16495880
RF
II 5544688
II 14949858
RF
II 18311266
II 2205376
RF
II 6630801
RF
RF
RF
RF
II 7197332
II 4663850
II 13073808
RF
RF
RF
RF
II 7199464
RF
II 14759756
II 19116844
RF
II 1146534
RF
II 18224656
RF
II 15462775
II 12308505
II 14069903
II 1789729
RF
RF
II 6071347
RF
II 19284144
II 16146391
RF
II 16456460
II 19737192
RF
RF
II 2604608
RF
II 16066223
II 1315770
II 15319959
II 18387687
II 15487583
RF
RF
II 16389370
II 15272038
RF
RF
II 9398478
II 14074338
RF
RF
RF
II 2753157
II 19782797
RF
II 5029573
II 5821104
RF
RF
RF
II 7839977
II 3809926
II 17635051
RF
RF
II 1830244
II 13745756
II 4856373
II 5688998
RF
II 16960194
RF
RF
II 1158222
RF
II 19976619
RF
RF
RF
II 9843277
RF
II 8484429
RF
