4000
18392167
16526206
17661430
17711373
2865696
173732
14657855
2534577
18108906
19260393
588420
3317978
14225425
18476474
18404432
3192275
14412681
16864145
19776240
1161381
16280666
11810010
14244621
19400540
16620504
11606627
8586813
19356288
14956561
19808938
1815024
13706564
19737362
17959702
15873317
13494632
16321573
3389233
17398511
6949486
13944019
11177451
11155519
15839213
19068995
13108571
6399819
7222761
819755
383284
10892622
3926830
883354
6835052
8365351
13713988
11848246
19062269
19882369
11452970
3477049
3193275
6024288
8035557
19062047
8274440
7825904
9530665
2153435
13498867
5628654
991753
8796648
16131446
19093145
2016579
13446003
13351125
13365142
15651012
15055843
8291897
16079252
16276172
18674146
10896507
13741374
16503046
7512993
12020835
14066228
6843697
13705340
18904372
7169663
9954585
7523948
16143844
5661102
20097421
10718686
16539893
19281806
11316337
18488335
13728247
3719719
4657874
2143285
16994210
17988221
11113313
11392477
14719249
2958227
8162964
3305483
12471447
9837051
9091288
17521115
5079783
17278468
16344254
14735137
19456779
16938215
6320312
5345708
18733953
2748478
6153648
4137129
1391251
19482125
11544438
8712155
466277
570123
4930778
15693775
7805205
7365378
8160816
1780611
15984822
15632470
18917471
16587089
14942796
1575733
397652
6698615
12805625
9913972
5767890
11689394
19450684
12706347
17763622
13949862
6607612
14229379
13632505
9902925
8495491
12420901
6865000
13957559
12047963
7439516
3860377
2339323
19838474
19174523
14932267
9965551
16658325
19902724
3532845
11924432
3662795
19229679
16082191
10534417
6160531
4114670
4699963
1017342
10030874
17573825
19513869
1578158
17794001
17837270
2216774
12207939
16132356
187611
5112064
18192655
19544586
15602849
13764816
2428725
18411135
17316
15185636
7466328
6331548
3155520
9474516
4363750
17845659
19458658
1239563
8831648
9707717
15428750
19724699
5397463
17918
14909646
19603818
17319009
9616729
8663660
16141277
18763019
5038075
19508335
6722297
12960562
1335925
12683243
6341316
913589
18390305
16216290
13597897
1296880
13115860
12779970
15676292
14055388
12789198
4951389
19598520
6072315
4550913
3359866
16054620
19269676
16256880
13130122
10193005
19305810
12005318
17679840
18157308
18083694
10212685
15079153
12028753
13491831
19762561
13538014
19036827
15573702
1367552
9856683
14429443
4889948
7652594
12566480
19695405
17326955
13098643
19868885
14588744
14736758
14755811
15365169
17491190
9584800
8252323
14617354
9029223
547865
19034746
2879087
4971864
9074921
12984386
19713592
6487397
42757
9101481
1080376
6682345
10146879
16734926
14568607
15646255
265648
8744309
19363396
15781449
3277083
10041376
14715529
5752838
3666146
8973873
6884149
19990592
2788556
20077290
8875293
16998100
13796617
13006856
7432368
18496098
13146912
8173232
17493532
3907279
12107349
1241291
570865
8208950
9521132
3267387
7320389
11111303
15067943
6524082
16179422
817391
10922889
1054838
576426
15462872
10512575
878142
18085819
19362485
14417576
20080201
17748742
16506579
2303583
16345781
4191257
18641671
18020412
19298473
16506658
16938071
9300701
16951195
2984662
1167478
15930916
8246453
19909999
19068111
11437061
8281265
18786236
2521380
18201694
3619694
11037072
5743176
18577852
14126853
6343280
3574016
16645979
13329706
1159537
13650421
6472400
5554221
13980673
20024457
7288746
12472883
15979823
17603987
1359513
165480
5632829
6888903
506629
16525455
17005481
5795169
18750416
5158122
15576946
19002325
19664553
15698695
17654097
1389404
6412469
9562872
19906747
10287680
15522493
1407361
15037376
6422762
16080035
16751768
2912811
13760159
18375598
19357880
1336021
7260601
20026330
18442196
3799524
3072050
3543449
16895217
20042022
19737908
7140619
5649623
6152725
12614102
6848
11281913
14169465
9225066
19290544
13411711
6479304
7089819
4686169
5125090
1872274
16629083
17176774
16921710
16042208
11123691
14829801
20129168
15322797
16545714
18762271
17842893
2515514
19617271
16543538
9446954
2852646
19523180
19557398
3733364
1169278
16993278
10273462
6543450
3756647
1441411
2325662
18229365
449084
15803101
17876530
9047824
11382221
14673003
18700349
12205398
17788545
16868635
5238860
18668037
6334292
14327327
11760914
13596993
8734846
13709658
16157731
14785817
15387597
16976307
7063441
16284261
450009
17216839
13622454
1156374
9430133
18854536
14121135
3466910
5805319
9385030
15742224
11599519
18749695
9625266
17140748
16925631
2927727
19665152
19459714
1719503
19568805
6843419
16132479
19331686
961477
19846668
1564337
19590041
19250696
4598697
19601907
15768540
9072047
1101097
19747017
15133721
2682958
9091373
18927333
15582768
15812391
11844276
16360812
13764046
14002543
7854937
16056302
3725477
2278823
7012759
19731768
5517076
18245329
14809727
14753143
17526482
14797310
19762625
18601511
7380485
3066022
15008145
14028280
16387881
14030395
17140047
3999355
75167
18719526
263389
18393144
10612564
16187069
9237376
7001118
17285163
4202720
16961233
18502869
19881550
20024142
3284085
16557393
3339495
6357450
7087911
17896922
2159033
13199140
12601104
3159008
9390084
7517504
9577901
19526690
12783955
16400753
1384153
6631823
3797359
11318735
8900023
13192298
5674960
3109175
6072881
13477242
7798060
3680929
14423010
5777092
13269950
8881389
19237705
1814279
4949972
5034123
13140976
17522117
5912356
12806177
4514887
4128741
1853853
13107627
17550125
7568298
2070455
12490005
13985665
2384250
14247288
18763423
13311640
6204517
11546094
19487039
8094914
13410348
17244748
13553836
6755745
3729469
18042600
18003948
6999100
7454585
13808566
19919687
18815172
28083
9542259
19471605
12661975
16112676
6728404
18885872
19603624
6722604
18799048
19682980
3589073
14738282
18515453
19084286
17727003
6450457
17092234
3181414
214217
1520591
6427185
18007043
9851851
5142055
7768112
9233534
13129649
14713983
13644061
8252168
1654301
19112202
896656
7500571
3008932
4663850
14351382
13428142
15130418
12282583
6253550
8095717
19705347
17482959
11419803
19138518
19886151
6894364
19649880
11016810
18649354
2287068
14790101
19518196
11848476
14314
5931273
16515217
13827913
13644095
4450020
13573602
5503969
9200177
11106269
10875032
8293244
11131531
5733040
10016353
12764378
10852384
7379929
2578731
9367337
11981743
16787980
3868052
14617237
19175693
1699934
19870974
3630731
14119247
4877884
7059171
16337106
7556740
2922947
13638234
11374453
19258872
10454174
19568940
18643858
4244171
14162663
4927853
249644
12163235
9956517
19554491
19564372
4401013
3560567
10724847
14785540
13776242
14959966
4444195
6698712
18153911
3462345
12732929
16491124
18795029
13209380
3626302
13020167
19725248
6764323
13806956
6657204
7506671
5079785
4660939
1824808
8732244
3111805
8334768
4647365
16926113
2817934
6256287
1150382
17043128
9643570
15329493
2790104
16457710
460452
3722606
77186
9244929
17182620
15802389
3574494
15873466
13105852
9403477
18613640
19780216
16552108
16077049
13831959
275271
15911064
13371699
1069287
4006264
18675061
1301262
18725131
17248696
1093820
3893362
6001873
18889306
15078851
7843122
7926823
719238
19357098
19321707
13290853
18082652
17559088
18756348
15379923
2930631
5328633
13617449
6435450
16343031
13827959
11325431
18283143
19296720
17736483
9549544
8754591
19673318
3862587
1816017
530942
14066667
4443694
4657763
18430464
13182638
15127414
767969
7538042
11569751
19805748
5806687
16048659
18586018
13978084
3735481
5665717
1324257
15370140
12666439
16176631
16252761
16955760
12146017
10048982
1445727
8978532
18051607
14550921
19427667
18122611
9969898
5027103
14547982
2917767
9043885
6480509
17654830
15048923
2565302
730743
14386985
12246683
1776238
14315771
2007682
13893477
17991401
1208782
18471276
16156829
6710028
6945266
19245145
10837750
9271567
19731097
7317023
12912440
14313023
4642636
11972141
6701268
9222234
16285014
8323096
7385651
12407974
14021123
3622988
980098
275645
8141592
12151730
19947372
6194546
13550482
19960032
15977444
19130344
1170261
17523598
4022671
4083514
5503264
3092827
12898562
13753466
19705292
14167287
18916381
4582781
3370427
327092
10337581
15841441
13392941
1098863
4971281
251728
17137388
2824149
10920209
12204987
4923633
7225680
5311057
16707720
9690864
9778579
2516201
4672888
7170389
63320
4259873
18873357
58294
15291113
17197830
627953
2220059
17870094
10505664
18506273
6952743
19221403
12996362
20011660
15944470
14311924
18468504
4401193
14577130
7153336
2514831
12331066
14945141
19680746
13249323
4362189
17425506
2003807
3291635
13326411
2037011
18785214
10414465
5621809
12937
2515634
16825439
1923288
4598265
9441535
16451062
13453023
1022992
18020519
13922985
1302451
8663831
4417470
1681306
15877991
1153336
13636418
8305242
7056858
10962942
6956303
3423598
1273075
6464040
11957644
2400385
14939237
9577632
19926800
6789458
10201115
12298684
4597879
17436152
15510233
9931782
19328445
14480047
6054656
16648287
8300081
590108
11878579
12920139
19270439
19431197
7835030
3322420
16147164
17184025
11546080
13678446
14964696
11097403
9727195
742513
14416950
12097953
19433011
32965
19073760
15841255
587827
690934
14033735
7636474
3996516
15715599
19279745
4260964
19091026
14444718
8878939
3243571
6340927
12910879
14655908
3208609
15478290
2159106
18467722
16206670
1713378
1935327
7007455
14179779
19640013
15268575
14607196
19587631
20004601
89360
12920001
4540385
17730390
16836367
4890995
19338621
17956137
6669377
2189450
1644534
14918404
16214903
10039669
4983264
13601777
1350726
12627374
11978684
18871571
11833700
4950071
9027821
17620415
4497472
13013700
1699290
2070100
6987677
6816510
19362343
19156113
13484396
13745800
19065849
1437593
372978
14228367
5765006
14166133
3687952
17786835
17629388
3902156
11547077
7728265
13348987
58467
16483201
4819441
7178563
10004368
11988650
3014964
2917748
7374745
4250094
18992096
7560291
5181720
944076
17018558
11412980
4900034
15968094
75922
8548366
9622037
19616251
12351135
12830475
8781143
12878792
12813503
13353590
1679784
531446
1485824
19599430
2963040
17277636
1166616
6956006
13060456
10886372
12940518
14300957
10545246
19352480
11007372
15892861
9512937
8620907
16626
2708262
17016426
4869657
15953422
15014376
18788642
984017
18949466
1973750
19309487
17309658
2626763
19977192
10038041
17150183
8234702
14187533
19300499
17742532
17737641
540214
17890134
16251146
17240178
10241978
17802168
14164086
19836772
53337
13388695
16014578
9087148
5682474
6464915
5966005
1447255
3870158
19651078
2464493
17522054
2185963
18684148
3959463
18045878
3817578
18871226
1301207
3153627
6023056
20004209
221105
4112418
9538106
7896572
6682734
14209849
5602369
18719946
18872747
18603766
16412595
2733207
13293881
2882373
5308166
3966953
3692883
6636188
19052912
7710927
4070025
3176553
2447663
6155222
18670894
805610
1353282
15901758
19528518
18883462
18951800
10097775
8730006
19314675
767348
11787506
11921320
10610905
119615
17789850
4619471
18066959
416557
18012028
5665425
12507137
19615696
645922
1384925
17170480
9422447
10537567
15922371
758693
18158123
16122600
15450934
3300775
18613550
2647534
19496357
17153406
872019
7723640
645780
11710755
13326299
20007821
18942156
11481656
7900546
13138133
16356127
10053993
1981299
7497190
6335541
6269945
17987696
14706912
14548811
14332363
3295695
17501327
2184256
14178441
6932642
2323355
19441454
2968070
4875849
16438599
1309068
12342877
4659799
7154864
4154042
17932099
13024526
19027421
10167317
13616293
12924115
2684123
7859630
15031743
10588984
5099374
921503
13610728
19945947
18345994
14468190
4434704
13278841
9256080
7542468
5869197
13670403
3566325
15202003
19678897
12628356
791966
1762997
14951904
1970001
1418628
2310594
8183217
17588618
15249671
1974182
19619303
7001191
19706708
9051763
10566826
17019150
17139128
15971686
9458150
794214
5917563
2201260
11175690
4714088
19213050
13766061
18945747
1120026
12917308
14416945
275490
899228
1304410
8238636
8087725
2698984
14542674
16607355
14330789
7950108
6875124
7975599
19439491
11217310
7653685
4607462
8683033
15464934
16109477
13400442
13784600
10974401
2942505
15429896
17010923
13444902
10495391
7846913
16436513
10076856
547920
16614328
1235441
18244465
19161214
19051480
189135
6343311
6521510
16808571
7176559
7812650
13439064
17210769
14167380
17003380
17364200
16554288
3970701
5156112
14244464
13025083
15581667
6067689
13484411
16175138
2478698
18979007
12068200
7782570
13618029
8468662
17077760
14464376
18018112
15272390
17093783
17882266
7295026
12522809
10025997
13612556
17095117
11470470
18250284
16214933
15989587
18224433
5672288
18976538
4915382
17441431
13841711
14156789
11941173
7094462
3127434
9887326
195966
9193548
16568191
1999182
3001681
2049433
19994665
18227476
12649361
4371200
13134861
19781397
15814961
15169261
19323981
18984851
1041781
10067199
18200008
1792833
13648373
827211
19852945
12085787
6660518
4004242
11268045
125704
6039415
12665191
17312373
10675801
7899338
5579074
13824070
12894048
591349
9904641
6376822
11939910
12140685
19851706
8588141
7692701
8507059
8055778
6117655
2252323
16446382
11714752
8216277
191817
8537628
1231268
15149187
16642584
8362998
18236453
16894658
19620973
18267260
19858827
1406952
17763140
8450663
7290628
15262831
6156068
17790308
13730082
3838375
12924754
19773985
5131968
9351013
2937013
2220415
14685766
668799
7241020
13795139
10012011
14784534
13927690
2610766
19888793
5616536
9211969
2870233
13828647
11826465
2535878
18413695
15239467
1136012
5732215
16398537
4770128
2358212
2793740
19333253
1864458
3475612
15267798
16995961
16411132
3422949
810479
17901838
18681060
7157582
14441516
757193
9790101
12933540
12336375
6398715
577368
14556405
17790388
3550759
14406693
15609099
15956082
7346275
4742360
2206740
16969806
18101894
135706
1684076
13319327
1085442
13304208
7780527
5125051
17207074
3259416
13670185
13758116
13950425
11304497
6983465
2585176
13983872
8036500
17666783
4014874
4720460
318187
7560071
7059628
12969817
1769955
1353749
18580610
13061851
10164970
16602254
19551568
13097505
691156
14446882
18932382
3654511
9636155
16485580
4837031
16484572
13119518
4302109
19511790
4757813
14836333
645862
17606460
12594614
12133746
13119800
13688390
718030
7122557
7731669
15899489
2773082
19815149
20028813
938858
9948133
10654319
18611716
17104051
13479810
20004531
19844988
6928654
4830494
14311795
7203876
3369065
17379442
16301294
9399316
18771088
3783173
5728806
15162388
14409515
3168311
11833504
3720986
14683189
19926530
1362539
7314118
13569097
12225838
2768111
18094049
14694916
14233045
3304443
4523058
7456359
19335790
2923312
18419369
15788373
19306256
2479814
13800552
5505918
8067466
11287066
8337536
1303057
15463166
8779306
7262451
5059370
19699971
2391540
16972763
10493059
16028615
4994947
19837615
7559042
19403400
1948225
4508388
15085219
4017627
18704534
529007
19264739
12569216
13625566
12364984
8145339
17679005
10698239
4560719
7090594
2081598
18265461
16009519
16479421
1753181
11249047
19207254
16737991
5507784
17301780
5194075
2505999
5777711
3095485
9199941
14196255
6521666
2205126
14500368
3907603
15870742
17555171
19975220
6241179
17525310
13163041
656500
9729481
9018873
17789486
656535
3009073
17375956
634276
10664117
817898
7762998
3973503
11696204
6947327
19861740
8531441
6588365
16240828
2199261
3808683
9270122
16803400
12940599
2119397
6445479
12034937
19817001
9379167
19111464
18695409
16586100
16235160
10825898
2225481
9125917
8488273
957625
15355582
6988794
13288038
14959402
7500270
20118314
17907747
3017295
9025988
16555010
10086029
1223230
13391206
19998701
19549930
13925183
10106768
18692440
15019476
11140121
16404626
1586489
1833214
2244409
3622797
15368228
5460658
1292522
16574899
19857887
13448538
20006098
9926599
13947544
18104236
4745532
16411989
234247
4812718
16130958
13459691
1225681
18347469
3059547
18495744
19622975
19460613
14802754
11150910
18379773
15809700
15502654
1477480
3277970
449087
18910574
3911725
15387244
19137135
9878369
10738486
82935
14139484
6674482
849409
961349
222054
11920812
18284176
18589959
3667691
19549780
14910391
13675332
740883
4207964
18197867
5712495
6357846
13324758
6026467
1856914
12763008
11362069
11431871
1809400
18735588
15488151
6238700
7014460
19294095
14726699
3701888
3871169
6402488
1621122
3364670
2170222
4654418
18664564
9410846
9510730
19814789
12933093
1663729
18355480
18673613
4564288
5665202
4078827
6013171
2373085
19425899
10873534
12394917
20042565
2551727
18524250
19667542
6593197
7504702
19801896
11129507
8563124
6222702
2860999
16181754
13782968
2491640
3724245
7867890
2237071
1997918
18211851
12175508
18086115
17924062
17896814
15261353
15109671
783167
13304639
19504083
6493288
20054352
19605581
3629289
9572693
2769505
11529142
3596549
3846455
7659743
12955534
13149615
6068016
14127048
13983162
18067556
12882068
16608580
16946517
19062809
814666
17904735
4270769
1829924
3808230
3690049
13376253
9861100
8026320
994480
17547527
15461133
15409824
3810613
14164319
7887239
14737992
18411468
12078984
19647110
17512620
9507521
19747187
9951320
3004348
16428383
1204369
14788736
7538563
19326108
7686741
15050072
1877255
11466098
11417995
6271678
1683234
7047396
16851792
19276299
7928340
3947990
3135386
4736480
6487317
12108512
11926477
8455467
2213715
13669653
15514872
840632
1300956
480074
17425997
19764767
16379552
13253141
3120466
5022295
1395155
4250176
19540063
5424792
14503774
1428733
19803138
3055908
18515274
2064588
16298489
15937746
5912213
602336
519525
19629669
18987491
7198592
4216900
7616780
13204872
15359284
13583935
15177040
4630470
3592278
10449833
17484788
6939024
3821676
135393
19154539
19007171
535436
15763435
2754776
12399059
15220585
6115626
15306582
18590415
19906077
19677265
9734020
6356359
13156212
6898354
17418177
4480308
13742690
7769782
16049113
19153772
7458815
18726105
13661822
3797919
19586961
17917735
16213795
17618751
11291931
19103825
17926572
7658224
9768563
8842318
3575972
19714229
14067752
17188092
13740381
4836929
17152485
13704362
16441625
2674267
1878424
13697714
13612355
18948480
8427638
19420833
6209619
4846043
9407364
819342
4733949
19254061
19105461
4603603
12384264
15925501
9204427
13103032
13589276
15324674
18162841
10984316
7413682
2910353
17463103
2793371
13491081
15470760
15949081
7727798
168778
16153840
9879235
10697507
6347729
19029817
364567
6557022
3593202
8238372
11775339
8337373
13425215
7817384
2871360
17884836
10885222
17534358
15189832
6884581
2082694
1144028
3313934
5651968
12889007
12875381
14527416
13771957
1366721
2310445
4275803
609927
7479497
12566147
5858443
4706352
3147185
14219489
6522276
2614086
777476
14373121
13276073
2780950
19763552
12843901
818337
7747840
19760779
19492265
15389751
6104187
15477667
18180580
746611
6269174
17254389
4650441
10694946
15017934
17789541
7753786
16174149
10443109
19620512
10137839
639512
11788577
15517870
18956979
14021151
6163297
14268849
19808493
7833838
15442394
8479625
8942272
14840822
18741927
14085558
4583944
6608600
19845554
2328714
6540654
3185489
2924154
12949891
3585309
1905386
11629722
13352548
600105
6071572
15092706
1362928
17282250
7290896
9319600
19978012
15985491
1986204
7302362
3534137
7242229
7245023
12480465
19075228
1962776
1334519
3575610
19103533
117964
16789299
19936379
3431453
19127364
456526
2290095
18342661
9749322
16146079
10695551
19730080
1653208
2041844
1510906
10398809
6176897
19859597
19638592
3435558
8950085
14536003
1434744
18803720
4067671
7199616
10162643
9314888
7525953
2943120
7347350
1496026
16683949
1205245
18887316
3602240
19370798
17975638
7871818
9615727
6839010
14481668
6321763
16871779
4874519
4046800
13609483
17007407
2240056
17072349
3767161
17877495
8698671
16566107
15246780
19397700
15447054
6950008
18086215
1644789
18889146
13199819
16354407
12874658
805491
16932194
15897689
19502524
6399641
7385658
17827023
4510263
19047756
19284064
14250059
12063726
5452782
19261591
2536296
2621187
5028991
11654078
8444013
13151352
12085977
11294275
16501790
1688670
17495896
13932799
12287208
17299523
7450252
9343466
3513960
16465721
902077
19542355
12965341
17935066
4585001
9073438
11825722
12606185
12797598
16923451
16133127
19988960
751631
2598650
11970306
7384560
19875678
10103643
12059811
16273032
17508735
18003596
10652865
13674653
9406699
14156970
9043290
5172161
10477123
19807445
11324565
4518242
16685180
11507093
9544410
16540714
16610258
11699433
11226263
4822324
8758320
13156102
4826467
14663658
2169649
14172563
18208661
12758216
331607
8256930
2440173
19133804
17983188
7320522
19235685
10877191
18817173
13186796
17167778
13085094
12596218
15875
15868639
13121809
15841920
19179566
19222540
7484179
4032229
19528075
17344715
14140248
12811016
17402655
3197653
15415261
16877077
5398237
6483800
13391334
9732317
4853078
13501511
4771539
580425
4846065
19938599
3359264
12808577
12302823
16474395
13998049
13423375
19527235
18794570
18393709
3666321
15740130
19734231
5032350
6934358
5197752
8194105
8008648
17857742
18835063
1734931
17460721
18486502
5050236
13782570
4260220
12281314
17744701
12110057
19236269
432537
19224942
20118851
19768115
1158247
19367928
7652929
257214
15481955
15031417
6834881
16599472
7098600
19341846
12888767
14349574
2064381
1099244
17727452
18222288
4578229
13435614
6524913
9034645
4159756
19275702
8759518
19323216
4784432
18314102
13841569
16959655
4865481
12470004
15543004
17904978
8518280
17659950
15003828
416075
19187207
16446979
1593034
16133782
16584546
9922745
16625806
6926686
786762
8289730
20031607
19705340
16585605
18032299
3573085
3291622
3974737
4398957
19360562
14503158
15297086
4173107
18008859
17143076
3877193
14689213
16283432
699937
12191270
2803462
6962357
16101054
17261022
15797217
19796746
17191626
17216308
15028279
596798
4579642
15877653
13673050
18622832
11552651
20081952
19712661
7267835
1486373
16826896
19282254
15508132
3654313
19379397
4003436
4251260
5677199
19558810
11918537
10878007
2256519
6458029
13887021
19179863
12910291
3269034
1635593
16343526
16269084
12082141
19085379
14168034
1081304
16350227
11691078
16465174
9429460
17219587
4823376
4546034
5758109
12411624
3478239
10049711
62891
1866051
9212893
20025116
6238784
4345550
4235983
7374235
6232672
422484
4028720
5141788
4026150
8807743
1095602
15966848
8626371
7689306
14824162
15309572
7732844
10040649
18443319
4475893
13749129
9357
897836
489365
6010416
2418876
18793351
18086272
15467900
4960395
17141394
4473010
5519813
19394618
5755883
18226843
18577927
13361613
18443992
7771661
19765461
13628824
18995761
19805164
18506328
15880603
15665152
18820676
2591348
10497419
5726305
2149854
18615007
12665734
7127869
16902122
6165351
19268957
14000558
13577416
15785762
16169807
17464043
16882195
19275500
6151338
19246743
17236439
3737847
16380029
12987404
17662166
16313831
19116844
6868189
731108
4801288
2623046
19094358
697788
6571730
7573667
13119450
19540271
15435397
16116355
14199744
14177223
15544544
9325488
12543823
13372709
14921444
13107764
1596016
15657738
15642669
761835
5149488
16363434
6084017
13443141
19126280
9420395
4660619
17713865
14915956
9878087
6059452
1663445
14448732
14466554
17956381
13991459
2693435
652750
4383980
12928495
17709042
19147582
8921174
19140136
12462188
5424042
19328595
10780677
17801409
13640476
11176819
12187310
1341460
8121084
13444243
19151712
4053620
8126980
819206
17121450
18625724
1717964
2073896
19658139
18134948
14008786
658652
13966319
11077212
19506521
20020256
13473755
15148061
14410401
14295650
18188559
521522
18965227
6130495
3008397
3118782
19193645
10250433
12626405
2914639
19793880
13268796
19766032
6072654
17297014
18521523
12995569
1572496
19966056
7642814
13842024
16764130
9935560
9632530
3412893
4694688
18270117
4583884
15374396
18151742
16593401
9229862
744534
2053591
13670272
925010
2939051
14383283
124104
15253135
12081222
12473304
12751209
14706747
19396953
5294040
8167843
6173679
7242113
14596236
17006956
13615083
5199775
17688632
13188380
7404747
8999205
18208701
501693
9521700
12315833
38303
19372615
11794595
4279242
560984
18135845
908459
1515522
17262106
14513012
2326188
14074976
8659167
14979266
4784740
15901656
632392
5681147
6170995
5834565
15265561
8576437
9267173
3290552
14193159
4707159
9842493
2680392
19403402
3328728
14380085
13340925
999248
14165538
4276021
585633
17970503
10701927
13181540
19977562
11553451
17639511
13546224
13628727
4382520
1715979
6933304
18396070
18543119
16463678
2261018
16948877
16123003
19395890
12218341
12179856
11292338
13584889
6743813
130271
751764
4146226
16351193
1379660
791169
13356003
9459037
17523042
2820191
18283228
7884739
9313758
14053135
13747752
2586194
7543205
16698499
19769912
4387007
19796587
17025962
1803915
7540025
7707984
19911436
12733593
15535247
18655952
17803757
8931532
854521
16603730
18108938
7967371
17024745
7050849
14271743
60084
15916332
18075546
4192888
13264044
15079414
19845725
18178576
13874994
14083768
19722876
7853584
18902586
4004367
19551327
5231014
891117
14876164
13391104
6762208
5009715
16015050
16252232
3378438
3145484
2953085
9135327
7835481
3795084
8961215
6642226
17457160
19369882
13879570
3621935
7169268
17938094
11713117
3466856
8805341
7586315
13650800
11178041
3031594
17904124
17620361
19330704
14244430
1186153
8376276
20046466
16005154
6412997
936841
7373489
6184784
18146453
13770179
7780345
9656154
17835919
13170473
6600888
4347655
16264008
7025026
19114213
18729167
10054225
5649857
10175576
650758
7175367
19084377
9833044
19155251
19967039
15833060
17906955
5323085
15527252
1465604
7089652
7742086
16756027
19533245
1980780
2215017
3625586
16118405
5342666
7835797
17858568
6792062
19209764
15721401
13186395
13742517
3180898
12797920
11699684
17118660
15592229
18705648
7230310
2158580
11564118
15123792
2933980
9836703
13545415
3886990
16146834
19686485
13290256
9774295
17039086
15549474
799305
7310413
19714819
13657351
4443012
8663222
8369857
19204251
16301286
13795021
19294692
14724495
17326199
4741657
9996144
12728122
6145657
3854145
6764313
18782975
15780761
4472978
10191601
13176134
13620030
10228265
16720768
7425977
15769242
14779590
4661616
10922419
18177510
7575626
16023496
19553569
6197982
3874702
13386359
17552137
5900784
12697481
6139765
2543029
2071441
4559590
9344089
13277706
6138077
1769750
10411712
17733584
4328848
19856337
19123829
11848503
15130090
19164467
13697506
17905889
19220233
182177
6341337
13028282
1389411
6163367
1219506
3335584
18150403
14404519
6237482
17027867
12621746
16794953
18318446
4804383
9866039
12446150
1343775
17558334
13899494
7091400
7113050
180591
4918117
17071462
3245522
7036079
4031408
11253598
18574764
15129625
6192931
17109833
4037522
7338492
16222431
18796788
12650157
19794316
12636553
16865836
7077946
16372089
2560555
19765331
18176903
1760411
15612004
14290283
19666679
1314062
19445951
7465081
18892937
6541532
7475462
19330490
19649444
1908986
18884396
3543227
3608037
9763149
18328209
18008367
12187159
16836799
1248901
6779973
3844273
18671866
19123306
3094703
17891529
13772874
15494968
12355517
19081224
16230840
13423103
4170147
13611984
6829376
15860688
18450767
13632053
617984
19100155
13093344
2016479
16128371
13728712
15866121
3000012
6853271
9688429
7158705
18661147
11550211
18312558
3148756
151935
13967614
6849680
16427742
16788139
16781938
5659180
13554078
17479590
18939016
561420
16424191
9196572
2894529
19524189
18696130
19407599
9530293
6857003
11890538
15712527
13003338
1827525
18594559
19302477
4217767
20069818
2570561
15848185
19307685
19936609
3112321
2722789
8734314
15985382
16795889
1193954
6551257
2355706
995187
1787771
10065566
2979832
903886
715263
19344454
13995441
2016152
17971796
19443357
13392370
12378539
289031
17212873
35950
14589437
19411977
18502844
16243823
19199121
13085902
276120
19212746
10405694
1426010
20007952
19941754
12149528
17330806
4986227
19638414
2041041
992501
3669828
10062582
6385039
20022716
13328254
16439047
14618802
10241807
16450177
5011501
4820884
9177723
7092223
7473534
17666300
19787604
9588075
18644668
16335250
3685950
12669937
16698140
79749
3518812
5332744
19451512
1914461
4753197
13824510
14576702
6597854
17547319
16813543
19285623
17567492
13652497
3777799
16484691
17428218
13512272
4737854
5170017
3693342
7028549
16066417
15749530
18285345
16379602
11542523
18851158
2780257
15005670
4216026
18385188
1386171
13934286
3516878
19547231
13403019
12827921
15330923
18526909
9414521
9861124
17160167
17602520
912770
12021155
9895194
4559421
1572117
331500
14498779
14245947
11065264
14631131
16206077
14131350
411918
16848508
13965591
9568978
3951627
19402924
18239652
6849397
14703781
20006162
2836349
12351721
9108399
3376079
9444997
11527863
15241761
17266805
6982020
18691948
16072884
13857165
6701577
6373636
9129357
16370998
6778776
15892810
13286700
13761149
5276225
5017250
825545
11821042
3993252
13672916
7851475
19808123
18745479
873373
20044221
19293421
13990871
13217943
13788789
18977651
16422
5567220
8713867
6867874
11322548
19479153
14197827
15374106
6935735
16867711
9662746
4427554
6739859
582599
18448219
16728014
4836562
7782340
19920081
18390243
9595099
19709004
17359073
13714531
1184295
2851047
611141
1550812
2029740
5479917
674148
16543304
15521162
7741287
801920
9963448
14231343
18718808
18156784
6164185
16793890
4956549
1231781
16276632
5667442
1293248
4595075
6989258
16237780
87853
5764395
15533209
19071061
15980715
18997664
10970948
8642865
13733360
10227728
279246
873161
15985873
14867892
3905274
1081390
7919050
7113270
14459870
18498086
13787585
7947227
16630182
19054163
15755990
13909725
16664008
18154074
2739884
6128870
9539837
19523838
13827916
13217241
13463210
16475483
1682282
19354550
8220531
9675789
12114146
5566452
7070794
6930225
14244662
979182
18762874
5815334
13282779
11749173
9900100
10079696
18627246
8921125
16437326
6460386
12202027
7143756
10135104
19207305
14382293
3743267
11601787
17233220
8756017
2001388
15963955
15544377
10694718
13122463
2778130
9551158
18697680
10321100
18721042
11713773
14418755
15278193
6121052
12889002
13570131
1452462
10487438
18762062
15154829
10926666
14538600
8903974
9705132
9652925
13197354
822941
16848231
15942919
16179737
9048538
18943901
920550
18610410
686640
5821891
10363093
16781276
16557384
14237735
19373106
14788520
5326604
1113511
11187511
726533
5483313
6131580
9276634
310942
7661034
1852962
17133873
1213733
13410795
13162344
17926929
18977036
18962916
13382119
2108851
3550859
4480412
3916361
11357623
1387431
620792
1056402
13852166
17299747
5605738
6567870
19917739
8062776
15973162
9601874
17337435
6841687
17881079
5855563
7041737
12411380
15808785
13049480
15203297
19325574
5385943
547907
867769
18944114
13480162
15043788
10455812
15910648
15215818
11562828
294771
19029304
827077
15512238
19261709
5954758
299078
16686723
17152350
19504462
8369363
16346522
8563025
163656
19359939
15282386
16235339
15801639
3129618
9502030
10431794
19190087
5061309
11816864
2185658
11814424
17733261
2628503
11503174
16235311
6738878
8012793
4757501
8209642
5397728
2807213
19252113
13709910
14498703
19468804
12019303
18267775
14628080
5727634
5314954
19958983
20025903
18893390
4603012
4707990
1386742
19240673
5352506
18094418
3384720
13896763
545651
5108844
19528396
18386886
12074139
2900363
2148244
17685201
4809131
16178531
8109937
27759
6660056
2096480
6494312
2389340
457440
19202130
18394339
13512004
16138153
17843078
15095387
13941236
2314275
7883602
11359026
12864441
939303
5793707
14335935
6936822
19708429
19529367
10563751
19058675
3155402
5678573
16551761
9575138
12324428
19245427
9211087
18139825
19117724
1117667
9642153
645075
20006665
6536854
9088388
16735030
15646368
2577768
9764595
19812715
14929010
1343886
856440
3634361
13824934
16880493
70858
7119502
15795161
17937660
13082957
19907651
16675982
18910261
5795892
721663
15849138
18542779
12817090
3279507
3051577
2437093
13266452
17259659
1360791
6496138
3281399
11918823
19088629
9354107
17711639
4274601
13164658
16896207
13368502
15105984
11652262
18618507
19528557
18737594
7426882
2835195
3639432
11420696
17941601
4515016
19069343
8762969
14931594
19421486
16388907
15969056
18987336
203663
5513935
20098313
3452320
7336915
9546711
15998489
17539537
1263964
19413540
19046033
12204677
17716319
3558531
18924620
19997781
12751856
883306
19696558
19131220
19001689
15722172
7309129
856352
9233436
19639713
18918178
16371405
5047573
13473523
17640220
15480768
18126531
19615226
11130271
1827673
6241526
9827188
2163046
19463676
386125
7236410
10869516
13388593
4014803
3371938
19222455
18983408
15579790
4260764
11074482
17817638
16665412
2325545
3395186
13623452
14022627
2442052
13525673
13587149
2294159
16149814
16199680
7374403
12666787
17894985
15060618
18820125
16753492
16288870
4756202
12282916
17992310
12606347
17819549
3436373
19383135
7894907
5584090
12206029
3302697
16391787
6796770
20025112
16975283
17404563
12297072
4013801
3430825
3278810
1785028
19690437
467634
9176756
14858779
13375936
7082494
6831534
14383209
757763
13426186
17921167
19134387
18612707
18083468
4129992
13622994
2999758
17235039
18032013
12222625
19174415
14180842
6713238
4359756
7930082
4289184
15042309
74053
5577921
17549299
12089930
16149760
6662967
19944780
6983102
11887712
7453280
13612291
3438226
16199633
6006837
15638554
18299504
9326102
1635434
18500556
2973814
15358661
18561365
11113630
1279568
13664142
17435951
10668946
16341108
3545066
7897460
7211597
19265859
5130398
14511116
8210423
19544381
16228829
11937692
856064
5413639
19313288
18999010
1612766
16099338
13119837
9270653
18942956
3185840
6782734
5946201
6831627
18692545
12465173
3561092
6213952
19243250
15153665
7895928
8264469
14381111
5452339
7236237
8321176
16849621
13718763
14310864
4905174
18913106
2918835
18268039
9308791
19979008
17703185
10084168
494621
18826204
5464767
18405010
9588095
12381465
9981004
10008158
15226691
12689689
11320996
2773146
16334765
2519112
14262206
16548621
14290951
20005424
19054714
5017707
4241143
7549663
3500742
18338530
5401038
4390407
17944541
9346116
4644597
18634028
17135432
17667194
5700591
16242174
2239376
9181677
6922183
12147854
15396309
6322248
385824
11845193
12840428
18823358
7635652
6393684
12969476
15488475
3081771
11808500
18582141
17837842
14839995
17389187
2297613
14067488
255562
8843335
14357405
16504484
19759172
19738799
15854233
2002498
9130420
3719330
12451425
15651138
