800
3189058
10105477
11636696
16019013
8903395
8697072
2530355
2872288
7550874
6012705
942854
16346918
11794306
14435100
18207682
3148996
18999839
15968365
19647318
13359726
3642278
18550670
6521088
19609347
15261031
2251801
4530874
14049326
778356
8743749
8416856
16920113
7849404
10666348
1418007
17257796
19314762
14394093
8354101
18422304
3421795
2852097
16363979
9541017
6913431
778170
18375682
11754711
11124492
17329172
2464417
6348490
14208004
2949850
8878172
5748956
1064279
370299
1260311
19701453
2377168
18662946
13024322
12720676
10514879
1736456
3149655
19646042
12864138
11343031
19430305
12295233
19105672
4479405
14267222
744649
7897312
12730434
12045639
14011318
5829470
15183132
7914369
16158048
19030329
15966109
711970
8265482
19640452
18650018
166006
1869965
779561
863468
15783413
19078692
18459546
7448093
13397316
7114683
764076
9104305
4843424
16191596
6573468
6532326
12811016
3816397
14225437
13134085
7602050
20118716
13651389
12383740
19193184
19701809
9234485
8785878
13455330
19609896
19678436
19808834
19672349
19242715
4772459
13798822
7437746
1834738
14179077
6304307
13951136
18134475
9832827
4333942
258686
12308201
2488054
16703066
1149915
17919596
4415695
1213991
920614
690729
19468942
8520693
10802895
16283670
13244576
10799930
3239289
14974569
16188595
14375153
20045698
18390313
6330754
5851274
16190902
6881466
14978790
5697517
7091149
14544439
11965862
4861264
1852572
13486759
14259541
18752107
4264538
7489022
18153583
17717092
568612
11562828
3036231
12770947
14053285
14559352
3352907
3209980
7470216
12981333
4536152
13766584
3298013
6837529
14229403
16253413
6444586
11410068
18030997
19028408
15789194
13887370
18865270
4019156
11006134
14993476
15652623
5986982
3508709
9157483
14461185
9001334
15607412
16691826
6868749
3748829
6454268
16510730
17745026
6372781
17033967
17543726
736098
17820607
5093102
5801207
16042478
36689
19594093
870727
105416
2022920
11816790
15801639
19252788
17537046
8892174
8808863
8592122
18251016
17952642
891779
4333699
5823303
11567846
19147939
4299454
7539648
3672455
7485997
5944755
3177630
8473631
19884330
17930725
13899494
6204578
14421101
13843543
13100861
4558483
15506057
9572219
891117
10543382
18180859
833489
15069131
7807964
3559261
14001131
11878579
13151617
10060306
301397
5049173
13392933
1243204
19833300
12322120
1455378
713944
1461012
19334922
11548600
4987738
5260386
2856299
13417863
20004129
13693079
12442654
16837688
164203
3121207
10524321
883354
9091499
17307092
11267674
15298575
9010278
761424
6909460
13306254
10882562
6930966
13384418
18148152
11811927
17491067
7506539
13024526
19186840
4874958
7720605
16294939
3502553
10264296
20115848
6643211
10430715
17239330
7018305
4350181
14009857
16215528
7268171
4249747
4757813
5695523
16913056
821265
11503509
2380411
2692428
5219121
1085234
1753131
2814372
7647530
244235
16380818
2643413
19165421
9613130
6705598
19633471
2952990
3146105
3945316
18938927
18170972
856352
18029854
13753375
9831470
5060481
9418028
10384070
17896922
13031594
18375598
10101013
8402207
20128977
1219009
19992991
9968588
20012615
6640639
16829153
7065580
14379777
2109795
17468430
6473990
8071687
11795912
17936889
17137052
13270031
12167996
4864116
2870320
13576340
409618
17712115
13745781
16241244
18669496
13614812
19766824
14962581
17944302
16073589
15693975
999977
18188856
19746804
18850589
9826081
17705730
78366
10644570
4719848
8613361
1538918
7557641
18635913
1109582
13746257
3502314
13742624
15311004
15981599
7280322
13946033
16048773
14010862
16814382
1438226
19760462
15924565
3467587
9735957
11943846
9709808
1685303
10323720
18864761
3731319
8829443
16585419
1885388
4639179
18962326
6251666
6956006
18112626
5333807
10052408
18851309
809503
5283560
12444323
10092713
3299587
7698642
18192913
6519713
15760278
17915288
19150084
19574765
11900055
14050989
7056689
2913652
18432088
1377134
5634605
2727516
15430337
19766251
14546812
10752537
19387603
10102011
5855870
12271585
13972662
13549279
1834172
3432674
14509980
13956888
5719236
6617008
12733218
17888237
8840959
14414213
20092560
19805748
18851203
6686415
9343186
7035094
15036870
10244467
19325562
19259804
16280697
17699681
8110333
4098085
18895654
13237765
960979
16541637
9432549
5526210
886746
16429385
10130199
12698900
10065101
322511
7828204
19812493
15849683
3638852
5409060
17029257
19213050
18547380
15442858
14656596
17554298
19998262
14808561
506938
18084214
16160189
19005305
2584265
1270751
16624675
12755754
14167519
15639738
16698710
6442711
2555159
12124863
3428726
10012329
14138031
16475935
6143051
7509362
5913385
18218546
19760267
1999182
18833716
13007468
19246021
728590
18785464
9400384
1261519
12162569
19802734
8285367
10188121
2268845
16299481
1663154
19600070
4828377
7749818
15464159
14446723
16293645
18393805
16472004
17447686
7080101
4731162
14023004
19307203
5695449
9120303
12901088
2222472
426008
6525130
14138032
4469182
954501
7034018
16331736
10086573
15734953
16990618
14798530
11585636
17198901
4562960
177540
8033789
15065234
2653189
3499823
1270056
11922333
13594307
5879750
15066701
16912472
18804988
274172
918239
14372404
2905401
17943811
6165513
2262357
8647041
18784923
4886919
5043745
4736182
1803915
4351166
14454697
16036654
16851533
1973922
11969134
13480162
7882013
17329049
327253
18873269
16362585
2618219
9064931
440512
13154154
8136227
61167
16084139
6109358
918912
8670413
19591481
14312473
173072
7507661
17597747
3826176
13113422
15237361
6518420
18628292
5644758
17937783
5005616
12219168
10057232
2624162
12989356
14266539
14851116
8231569
550563
1046354
6753608
3451559
17668120
9403477
8911679
8914494
7610545
11282069
8486894
10908616
18073864
3344643
19529350
14350747
9605509
2071441
7356453
12034787
11567250
16603352
19302464
15114807
6853271
647530
16702706
54626
17345953
3525365
9358884
2417579
953314
12993302
6699004
11259934
14891517
19398935
8184397
16273684
13926054
4595936
6970965
1562474
19696407
2975546
19471773
4628749
2169835
6300353
14313578
18073345
12319042
12623507
27288
17701535
13730399
15246605
5246644
1065782
13893101
8916218
6559595
15521443
13547771
1278554
2249091
15392141
18785110
18212415
19261085
4442949
20734
17157496
9505939
10177415
16553171
151935
9145202
16651519
2038307
17874133
13317688
13848111
18307253
16401341
11187722
10104777
1849726
1099811
1372421
18076816
19448665
481306
19604571
17121543
11549449
1632416
768949
20041808
260618
16877261
6197405
15780331
3759305
7001010
9388859
13114257
17298549
13434860
5902046
6513859
15718042
4847312
1179676
7788028
19584290
8066076
17448937
18662438
3413928
9423448
2095291
12737719
20052666
6721082
16551793
11497178
17584949
4342207
11521338
18697245
8838465
2615148
1973889
9537323
17578723
2361323
5442470
6069980
11138549
11651170
13970315
4500794
7797924
4708282
16241875
4973468
