4000
16070625
1859370
1466686
16334606
18643727
15131139
578630
7260012
4735418
12711351
15430089
8072744
7042148
4999668
16904574
2461523
16984384
987300
17955735
2038278
10925767
6859276
16805869
11509158
19638809
7736961
19743941
5641493
3248010
6117655
16544000
2900018
16413555
19489293
152259
10344586
4646766
17152116
6817352
16350967
12715452
14176148
17033774
5716457
17777128
19854832
9643181
13034381
17432912
18744251
13061315
16158048
19398745
17654461
14241453
19224915
11976666
19830420
14984949
14153582
7167279
601932
13747752
7451991
13183816
16554739
10673957
13322301
9111172
3144164
18249783
13359877
12502043
11916029
13568531
8950085
6559595
10384391
1690902
14049301
6688404
413674
19982540
595054
2108424
460692
11123691
2521143
3652554
1132201
16844370
19845725
10425572
1904218
5974800
19593559
4550353
13658470
15006029
14807555
10870430
7838451
3127932
6181346
4298387
6458692
1380028
7407946
16835099
2726902
15411770
13299092
13672956
16251572
18154275
19045087
19470505
12366163
253475
13943239
6658466
13085817
15227210
6239848
18066043
2976530
8494128
19012938
16185381
18433038
8865020
11694985
13686914
5853345
19820044
15296647
13140048
2326245
19526601
12752147
3013548
14068705
17433149
17378712
13754002
13918733
13361259
9514934
437586
10133534
906709
18794243
15845263
4206844
5711657
11600340
19730998
17209802
7826465
11280465
2958227
1551164
7239965
19042152
7674425
8065425
1854953
18781262
14257855
4096542
5022295
15872883
4686613
16424257
17160967
12125513
8434033
1029350
17418625
3995921
7869876
1899394
17500331
7575143
1151565
17309985
12293379
12794236
7807146
1026531
9117656
18291260
3291858
8896329
13961950
981494
4792430
2761237
1433922
11675368
4462008
11621771
18616575
10280439
12133746
3047845
20044070
18313862
17024819
16633625
17583460
14652680
16234248
11788111
414801
15918537
7497200
13724781
13247260
17524209
4233006
6026738
19541947
15866612
3894796
14690954
18005003
3371318
2158393
5825533
12176134
7560206
13359432
10548768
12200816
17552886
7049124
6091425
5865563
11768013
16764245
14629018
2927202
5430510
1125212
16400532
7917852
16459661
14437093
2262868
15295182
12615995
9861100
6986367
18956192
11834856
11790804
5497258
12425266
1327553
2529119
17133669
2067461
17092691
2067359
3708869
16425084
11371974
6010416
16722668
4207403
5767043
18871684
3287558
18083468
7977399
849574
18356160
12089661
16667077
9172055
13722149
11590585
7192268
8883449
4324388
15849199
14281526
996786
2488505
19281809
9477228
277939
16752885
20027730
7276471
16027966
16550479
14653001
7456686
19408818
4774190
2403086
11663051
502331
2864372
1973889
17891529
14086856
2213239
17150127
13672150
15233211
12791529
19994746
11635838
289037
1749935
9334840
2074912
991162
7400531
6793249
16896597
15854715
17663607
8232246
8314878
7240693
16556211
2438457
11513585
4853563
11176187
4593066
1055401
3820734
7975599
13957674
17603432
19293207
14314562
20072191
1876969
13547235
13957144
13834912
1350834
683518
4329515
14169465
15249059
11260344
14665013
16880146
7526092
15061867
9620123
11724873
3413309
3510862
14446960
13519930
8260312
3341562
18628077
7830401
15165794
9541320
15207317
19722207
11861809
3778512
17331831
12297745
17162158
17138076
10849750
17793353
8601927
17828363
7074118
16563273
5431201
18414067
4934946
5063463
19767282
9143130
8101823
11647908
8930935
7056555
13275606
17759482
10376425
17508300
15040838
175817
17728662
19774537
18801220
2915049
9483623
17260179
12219331
16532393
328744
15079473
16318720
13559236
18341049
19012231
2748128
17729375
19564681
324800
16911348
9854899
4745212
13446957
8963968
17104051
10941762
18689543
1792117
152819
19338047
17852347
7490806
20300
6782841
20019239
14022086
1140872
20022744
9469827
13652950
10690230
14173054
13326332
13490397
14208656
11366582
6355010
7032135
3603334
344230
9642256
12450817
1080431
9603803
17847120
14075564
8686139
17207266
11408152
19745777
889268
643328
13918725
19668328
1282284
7258601
13871689
3071494
12724590
18105866
19788473
15078264
19098279
4725381
13603873
11129507
7159155
15194434
13031184
5420945
15835247
8781958
15930133
16211940
1765725
6087244
4604251
17828162
15486874
7791635
6454268
18035421
1045098
13568190
11494094
11593950
8091463
14357767
17726001
8668480
7697021
11320234
4783849
3167266
18731084
4479388
19805940
846671
2970820
3390919
11156918
16403992
17995126
19998730
18099095
13217193
4865660
16082711
13196745
7174695
13308807
17284693
8589863
19112274
763434
18478945
3529688
13535940
2824424
19117102
18086115
20105208
4641886
16027606
8598170
3058678
15052056
13713039
9859115
17036328
9991825
16994210
17852202
9692740
18254657
19497092
4320349
3946756
2281954
9525257
7319027
17381486
18443229
18932405
8235932
258284
1311544
6450887
19203972
12373675
13926341
1792486
13256797
5202780
3673349
6414306
19904076
11424240
6770500
10621843
3451758
19182026
4995922
19402479
17821043
2760625
5820044
6937817
7493452
16121773
19923551
2223082
1360593
3680813
6357450
8796402
455974
11876154
3137906
9378184
19130896
9792286
12792068
14102781
13631488
2908617
15644812
19980094
12642115
10789446
15912203
13232953
16426860
18628369
3539648
6350203
17422975
14608732
15729124
18110818
13200019
13671558
19683653
16307921
9110135
187570
18997559
5454050
20066620
2564062
11744905
6487397
14298519
18017598
3777374
5325233
18064094
5209615
14302402
3209568
770276
16604112
1331591
18860651
12794421
7174663
10418866
8814567
5292616
19255745
14361172
4742102
2697162
2683094
11778351
2760104
10806084
19780901
19561507
14659245
3098703
16214933
1528293
18436372
12681868
9078222
5189839
1265626
7513191
7820664
1946103
3343448
11353181
19972720
10982544
16810890
6425751
7025326
3953942
743389
19799757
6393243
14508252
11688041
16198563
9575089
13485279
18474279
2782741
3344815
18659590
19496260
4894656
6166733
8410796
15999803
3036475
3331279
16416985
9857967
8777316
14383209
19713953
7550801
15405244
6323824
10576212
16777349
6574299
16902886
10636997
8562992
15655872
14714119
9166454
453823
8838341
18437170
1518587
4573897
19828998
17014527
13733267
16214552
5470329
19333822
12217353
7804337
1818062
2143241
10984215
17537202
7510145
6768315
3268825
15421230
10220946
5421300
19184697
4191080
532288
19995832
611778
7063482
13854663
9878278
12624912
7056614
10586419
967346
4218129
16162809
19261389
13355458
6882171
812462
8874628
1343532
19236501
19465410
19173726
14216884
16595237
18629561
9619533
166938
6999227
12145189
9715973
13145675
4541089
194154
17214811
18820125
4849159
2131349
16745308
19264277
16097336
20087549
15676765
8245032
6934560
1671096
877633
16539122
14956561
7805649
13838694
7965573
4250867
11005162
760446
2704800
19944780
5681745
10594947
2384745
13500875
12197199
17542840
16976307
12816763
5555992
19569730
11059196
7121268
4163135
11457615
9854031
15999129
14913909
9086574
794567
6062060
2011571
15141102
13080165
16755248
14350989
13272750
2302803
406726
2604924
5582203
636531
6472474
581542
19279032
71495
17952305
15825017
13065949
18419229
14943737
15111519
13746272
8185261
12667599
19467086
297782
13946271
3054834
12298378
6385477
19005717
3970224
19226419
6880873
11489501
2868307
17495594
13706746
10893366
484709
7161589
2806868
13293881
11251064
19943938
19787062
14322170
13712165
19674674
18448336
5872722
14975994
4976848
16353637
9966130
16250142
7067965
15218899
8232221
12782100
13615270
4784432
19889740
13809076
11116909
2003283
12078962
1888069
19309487
7334587
16714019
13910354
4236107
9822738
10228175
18569422
14161298
17975664
6246867
13253882
6335026
13686327
10258889
349481
19938244
15361785
18614940
11310528
7754718
1714690
3198813
1142690
15343612
9740116
275410
18918190
13102774
7089909
6260716
341314
16254597
13949615
6371593
13650421
2598102
17940607
352990
2445856
19361792
4445185
4671026
3549841
15678122
8461457
17962449
1231213
10356710
5823872
15071399
18519338
14235136
19356747
2807615
10205612
7462019
5964700
16318413
10423846
19391326
9365176
14012583
4081800
6488873
152883
202799
7514695
14208848
6834112
17010504
518045
3069092
15326206
17439487
17475423
6436433
7035513
17935539
9420484
18176373
17121606
15345966
1389411
15179163
12646870
7193951
6519576
14303024
16734398
18609786
18321850
5346446
7482448
2210041
13300436
6983296
330055
9591940
7215206
1431076
6125587
58471
19882558
18687807
7747905
13971792
16121561
3341355
6875069
19484275
15247031
561420
7679996
14459870
2775678
6588563
16843281
17210021
1580329
13359424
18116076
15406608
19667006
10630210
16068587
6368645
874706
16617559
13038832
19816857
4824052
12260479
16799331
8613171
17134013
12938703
16275635
10631201
1653341
2804989
61624
6184394
14843147
7837670
1717058
8352032
5057268
2440517
9261392
18904829
3374766
12723768
19463537
12469385
122322
12085327
11254454
7615496
557902
7962507
4069228
4579915
3907148
9614552
17207706
10963725
17568198
14160723
13547624
984752
18712457
4672308
15857334
14021123
2208687
18734225
19207944
19690747
8538668
1918903
1714416
17142458
15247262
19424607
17393987
4271132
6555586
1096326
13427471
55348
5498089
10563586
18607944
16969460
17167459
7768112
14759843
18909224
1176558
2045245
19311511
13569843
17187549
13912504
16257916
7053496
7241498
15530297
18064557
17952367
16233577
13640213
19566222
9184945
10160251
3105986
16230969
13998064
17188074
3745083
17011804
6853301
7917711
4987238
5483170
4608947
5452782
19334291
13530143
16464092
11891948
6766662
19661786
18325985
16146960
19140866
19556100
16146418
17198322
3411470
3278419
1236489
2083924
14209006
14140970
6607778
12000239
13726516
3115878
7306706
15798323
620887
14960108
8034433
19393890
2504390
2616011
16539004
6688135
8703319
1449263
5464517
17813918
7141549
2010161
11654150
8982231
2528374
14330789
20030243
10133195
12963533
13765644
13255533
19421421
8963896
8959547
15606888
10233048
6287841
7639859
4718942
16373904
6289742
1241371
15630291
6076882
1360040
424668
7155141
12205364
4071575
7298809
9904223
6152752
18158123
16363743
11514943
7018059
3404365
15327651
19213057
13200683
6737567
17491067
18062499
15527252
5902026
16164200
15677473
5679640
3291286
19241703
2112946
13904166
19487824
4061849
19609486
1795446
5688932
16422759
7957339
13810708
18822396
7676207
16593527
612014
12696755
16472621
17542781
5844512
1017177
18627010
11872521
5695523
16187069
9425953
19323216
17253832
16011715
19633082
15954498
1182138
13374738
15435714
14655004
9172277
8911679
3272722
19274878
419390
4136903
17853354
16350242
3486020
9969095
17829273
6190726
7955984
14611399
16132114
13406294
18742489
9185075
9619745
3834786
3021789
836352
14080308
13446921
6594401
4857619
15866839
6335541
6914516
818325
17872211
12441417
10175637
13640384
17395631
7923519
19322801
12006497
16093514
12165517
14228497
2577355
840452
18580647
16819089
18626635
14161593
13233267
19828921
14107654
13326731
14172055
10431957
18769968
18165515
16015120
2710378
15405082
19103830
14053632
19689918
16454079
61224
938015
673278
8317827
13150209
19989983
19173585
17155160
5954466
6358624
15752447
13819239
4438459
16786966
1300474
17728835
13531291
14915590
16567518
3548565
170599
18197056
17881352
12354154
9972649
8203479
19313288
9659860
8412504
17083608
13446210
8987127
12514957
19224214
13313620
12980468
4697300
2407196
12277436
15568740
1022321
6756756
4399721
5010729
16876896
16157164
14164095
10054737
3662285
2037351
9711976
4827702
7051097
16343192
19629996
14070667
3786355
3354498
14386892
581421
19993991
151390
4077427
8976107
9071245
4725963
12734020
19557905
16243116
15374530
10799930
1389315
10204682
6334808
1311602
18247907
17688247
13385904
8503134
3674226
13690400
1350554
14930039
12228731
7713063
3275271
3835132
15578928
18424031
12170504
14890335
14371263
18430485
17590861
2171274
15310579
19485928
4757813
18451156
9874726
17402183
13189084
6069703
4530884
14329643
19677265
1005675
4197479
18544075
19606722
14471418
15982033
16188236
1522047
3516519
6421799
16775665
14979171
8293281
13205126
12221392
16081566
19785416
7473102
13733766
11818956
18577927
3924744
3243954
15545095
1892855
6574537
12077946
16532747
15478604
1648066
883431
11224347
3120646
598239
179935
8545438
7750936
19560232
19453220
2105283
15297194
19593712
356729
9036696
19418963
9167619
19195546
9651608
458154
4726388
18829144
14210417
8112078
15506039
8482808
16380615
13638905
19099840
134224
15343420
18764364
7192415
4077262
211078
4481694
588598
17432217
15877695
15285902
18514366
16744299
2545507
12909225
15602953
3669257
12558102
19410166
11689304
18596194
10444802
13507570
18983740
19763838
624815
18301098
64472
8819017
13965118
12440520
6444307
6815738
5395679
8884414
7242731
9381315
1238285
14087939
14357524
19500521
11669704
2015168
16682816
19574542
4456388
18265387
6325386
18997254
14084988
4208185
19153239
16838085
16970314
19372651
784444
583224
9327458
19559297
17154220
15712146
19273222
11044453
15294943
15464412
15803655
19434678
16166989
10161530
10332161
19653227
9689286
16145838
17613871
4079040
16713561
10900130
13426123
4641307
13740381
12878404
10682430
8316715
15979863
10496550
17012880
13899494
1355837
2197712
18835099
8114144
6553356
19292097
6516344
11062629
11453841
7950108
19780051
19751420
15749779
1279805
11405619
1050450
16443158
10279736
1314371
16574945
5847161
19815149
5343399
16896585
17120680
2350049
791720
13424531
18189644
13195783
7396608
19421395
12262241
18721657
4170426
3677334
12401356
602484
6017371
2776352
16238923
5397017
397652
12502663
10086081
13118599
15036705
489419
16381049
1238016
5692559
10919160
11961592
1292522
7884739
14263143
12343127
3268492
19441332
6934495
4619039
20079611
17383677
13926312
4791694
792914
18685823
15334371
10541696
18204680
5074281
16081134
493815
6545310
15614747
2503869
8807592
18897423
18512426
3974737
10857834
16205219
8190190
18342361
12920150
9879198
3809539
2044572
2407736
13974584
12236805
19717134
17710261
619046
13594204
17961859
7174494
7302724
838974
18937100
7736830
19306785
4263330
3103353
14426680
18543640
10429094
5355992
13562737
9136338
6332447
17138269
11962140
4779209
13840774
11227558
155158
16740830
16998801
321457
13984689
10464911
3187670
19657488
3556182
4971549
2874602
4276215
14222469
3282723
5706340
13052031
7886635
16008519
7573064
9915643
18654471
7807429
12338559
853271
1232365
11887734
16594129
11437473
15864227
6538124
13374500
7747840
15947195
10745908
4733098
18647777
7118391
16618119
8186577
2696101
19425474
13499112
9900224
2308148
16240571
6246852
18124999
14065979
1387435
15765206
2870603
10186876
15841667
9143239
8955543
19948491
18374091
4912057
3079808
5070458
19673318
19701644
19323884
16794654
3892715
8255964
311965
11980956
16452883
18864233
7431031
3219654
18564419
17738717
16603352
8069030
9437085
10322233
5836178
5476404
11438374
4160307
7563717
5305072
1014313
14137017
1293248
18691419
6921831
18189042
17129085
16905973
12277260
4159936
14172624
7228153
6375463
16775843
4988190
17698984
7004638
17988315
6581098
18438155
9295651
19344802
14205847
19917299
13713545
19032146
18554727
1304846
16857581
19604260
4474062
19898079
1992289
9876043
7894599
14498166
15631446
14259342
19701921
2558064
6812173
7397699
4898872
3066652
7824740
19771967
12313141
5268818
15436402
18393031
4221893
12439514
1325432
13949956
10587787
18138947
15102926
6069348
17864224
12676546
19566311
13235657
7613859
18789417
18221090
17495622
19237335
427892
6908859
10229187
19843512
6613131
2220506
4561916
17155086
15948478
431865
19763974
17949077
2048365
3697432
13429774
17286647
9248522
2357629
3791325
6555242
7861562
773466
19268988
10399727
15870753
2084747
1647495
16256546
2716704
16676818
5434197
1324924
4000571
7634647
2454667
1130010
10303595
7109651
5068738
13446434
1005720
18750992
471659
10009377
2889349
10084444
2989031
19708670
12662605
6430498
14804442
13428842
12251569
4813239
8042062
3141413
17377139
19024598
1218703
3494876
567075
16829978
1709264
14310693
18986312
19596144
6840507
13470082
19757515
6174515
1923024
1974128
18852968
13831883
2104630
11329434
17043405
15106908
1242463
9452237
3470916
9911785
16999872
18590
19509788
9405719
16282496
566511
12274662
9692227
19462899
9774795
16544251
2992792
14604374
546504
4083514
17303067
9523761
5202437
7925603
19495880
13629037
3081022
7717785
13939419
20069133
14665194
12942984
9705164
11213955
19619967
4963882
14855360
16743804
13270543
14698446
16677335
6484815
19413230
8189118
17943328
19622975
7066802
13491432
14051403
15655673
3528478
10060147
3945449
18324608
11140148
2154567
16175859
12060792
6735866
7209381
11408957
10122957
17599040
18982822
13503906
13182536
16361200
7573430
19636298
13238211
17713865
8216277
5358538
19659553
3597324
8921174
18176594
663351
983426
10340867
14795398
5506550
13390728
19768282
19882323
20059304
8122486
6613041
19773301
13936888
18127579
14068727
16050081
2181753
15802947
17148958
12767712
1056111
15990592
7579184
19966514
16516179
17957519
16438688
19427714
7336637
5770077
16996266
19318225
13358546
11295457
16333928
15163535
18788907
461860
6232265
18997373
2638567
8920988
12970644
16817978
19728828
18942911
19271040
16376215
14760484
3224088
16307100
13838346
19085178
3798874
4789199
12561923
8035557
16558602
3220443
19790565
1846895
13948781
4792219
12903700
10511355
3008001
18390599
10909422
10049785
7347269
485465
19966439
7232913
10796361
14004636
17525716
16750300
10091438
8713246
13054185
18517020
14180715
9725518
1040524
7012759
16189517
3381220
3217159
19936609
18291404
8987520
9955765
12162610
15432276
3508061
2705049
14549056
11488434
6397094
865472
6211805
15756650
10537867
19797428
16909360
18208811
7023636
14067366
15423002
19579821
1060386
6026218
16893889
15645684
15670405
15528574
15507436
17606358
16388002
3778451
12344391
9836642
1083545
3719720
13891069
4906890
10035920
6597860
17344715
17357072
10301263
13080684
18209795
11409396
17303386
20026664
1654170
1671170
3282906
245504
17661421
19740414
12031812
9802818
15374735
641439
864561
557647
2277581
2135041
13410317
12284996
18789326
11832249
7842221
16503382
19189049
16652634
16322824
9665625
15766723
770619
17789099
16037591
6706788
799194
1000960
19995329
17384657
9053507
12707397
4504493
3561828
14543379
17675838
18729143
13687101
13478495
19342315
13618804
7854999
6610629
13927154
1055789
8455719
538590
19868764
280935
16053699
7587296
19622042
12080666
8390906
8843820
9962775
7815980
4506102
41584
1301167
13123446
19242865
5965755
19603259
19540886
5600640
14179231
3568254
19564704
7875673
4872465
3183077
16045434
14173535
19364590
11256834
10173237
19538405
9314888
17652370
13376886
16299975
2480592
640910
6389473
19926800
1323801
14111222
103284
3421441
18950224
2143031
19296475
1592277
1426010
235824
18748255
9592585
17713605
10861663
6185426
15430904
19034285
19261986
3521115
17365868
10881127
13113254
6447332
16542629
17521712
13649720
18548029
18432746
6062004
3104278
16777263
19549742
19153570
1743716
15942034
16918299
19339336
923741
12882909
6499318
13181865
6465048
13826726
18405179
1293269
3322517
13883958
8684886
3596549
7859723
7834712
14505680
13706396
19049993
3657556
4765123
18355155
14005627
16338012
2298731
14410318
6075178
10732710
9877060
16154213
9830733
13357219
7255820
3559261
14183496
18311634
14046453
3894902
2691546
12335860
13714662
8419216
18794136
176770
10753552
12603268
17531080
7201124
5018633
2809018
3228923
17630406
2949485
13314234
14602972
13389397
8036570
279816
19694308
17757561
11718379
12005923
13425215
12053683
3302427
8591612
3738491
738425
10606687
2109669
2784915
6706703
16309962
10537081
13876845
3244360
12684235
2328714
1545924
9237806
19561103
9504843
7894007
12699363
13965087
9422447
20011357
6623537
18430225
13244746
18459567
18192439
8993985
5406143
14215478
16393116
13783452
15485121
8814634
317501
16894658
15670033
8991340
7313949
6638589
6794701
4523435
786053
12086696
15529336
13030999
2768025
16836323
11311238
4802648
18964263
16556507
11408805
6589935
15583612
15761977
3736296
1283453
2508043
2758088
4342406
2746220
15483529
16890556
4848029
4714518
18576634
14850248
11604709
18748671
19674971
16634271
6760090
16575852
18122108
2382010
17015790
12418935
16224626
1918047
18852023
4996309
3845859
9185933
9451334
271954
16479459
19094879
9926917
19488196
12492131
6081198
16029517
534861
9365502
16543304
9894812
10401878
1363107
15774003
5849386
10311251
2585970
11043135
16894512
4454400
18566673
11252043
14598274
16882233
13632048
18904941
11179283
9104876
14876731
13028970
6290244
7347219
19088629
18381225
15364819
18632540
19949580
14332210
8354416
1349220
15510043
5082471
6888694
18796229
9273692
7499010
14097821
4621526
16807888
9011901
18822021
13044899
19889654
13793555
588841
13797733
2277025
5860831
12602920
9824682
18505594
2206595
7288616
19203497
10721928
12887417
18394477
10100489
1267945
5735447
4737456
12231443
15156502
1273485
17708247
14302945
16432189
17786914
19575897
6742680
14174246
18281467
15058410
13493430
15701191
13803370
13154430
3741525
18769612
13640973
65412
16034382
15706690
16620607
10386341
19075000
18820769
2281475
10116081
3300958
14798346
16467298
5054988
11097124
13977634
19677105
5881416
7069994
4320934
12090127
14244978
19981859
5132452
14401392
16824884
770047
19036873
19070075
626246
7679047
13292993
7107922
18947626
18816301
18891004
13759212
11651199
13466609
17728522
15854233
2003446
1619695
6256287
19236866
16533281
17252567
16119384
10950710
7124260
18792447
15877653
15387449
11584849
14693952
12251083
15945033
3859973
12995514
498794
18389984
2422326
2408200
13181770
11674486
8481691
8957301
16921100
14673003
16312970
16290974
1935221
3811219
4530117
16804888
14088715
3677483
11384093
5253842
17620902
2276603
12907414
198471
3686973
2541821
4579839
317715
17812870
13107764
5510565
19329837
3652230
18262084
9874267
9611121
19421999
2152234
18267004
1744579
18928149
7045407
10287046
9772486
2260100
2214259
17524433
6331548
16294939
8145441
13953224
14373079
16188254
4564757
19676050
3318920
6625211
3787740
12283383
13463378
3929303
14680573
15815630
3945316
5764395
3914668
15585387
14478642
3519924
18921083
5774245
17191626
13159896
8323328
15412240
3493697
1194628
16424790
836235
522864
10509923
11171695
9412375
20063081
19776046
18782217
19342731
4181728
16720521
2037518
7630502
13834867
3690973
11840955
19073347
14167440
18158994
857696
2688019
18470787
15434742
19015885
17499587
3644138
1635088
885706
19211236
15699026
12828133
10647262
12108512
17873366
12982854
16733019
3374099
13485042
5170626
15445756
19586463
9047824
1954429
13213672
17462665
16131446
10252499
17884818
18520516
832096
8875293
18850378
15458291
7064173
11905707
2378126
18565162
16401616
646400
2079253
16875806
16922794
13905940
2647177
12770432
19116020
5103934
17392620
15114917
4958223
692424
13448415
9474146
1624665
19383157
14152966
16351554
3417166
17539684
6671355
8575486
8842667
2404406
3455983
8687297
9714870
18734633
3324888
19717905
8827402
6543852
10531120
16266037
2194382
14838533
19852069
4740811
18289486
17381573
19122483
8630560
13740419
14032416
9492078
13770179
15282612
16476488
10649346
10679903
2550518
2128763
11671165
18072340
3175584
13394792
9608109
6364807
19318326
10279058
13652322
18070494
18936306
10099741
17421139
4893970
10827434
12729562
3647609
2940467
8549106
1930685
12430126
8496289
12751545
5187648
16893429
7724031
19010654
190968
19582235
4090748
11551683
15265721
13058496
13840935
8825701
6614663
3061223
13438788
19374700
9183281
9459435
1291013
16382045
17141790
6195929
7283138
4423782
19767688
6730582
13822962
7616822
15238184
3503317
613818
18122032
18790672
16389592
1764905
13210043
16506121
1074305
16314419
12640437
8015343
1338353
2862501
13165931
8221621
18134948
6006934
18384014
81893
16442423
14025205
7242199
15367705
4721975
8307479
19807435
13723771
16894217
18406728
7506892
6571890
9904570
13714382
17839052
2708262
12093494
13576306
13461855
4330559
16396119
13044815
899839
19292791
16375552
8535622
19802239
2279335
18041054
8204305
12045974
6868189
1974455
9615209
1996748
18581006
17472879
8173563
1251889
3517096
18410445
18013579
4287108
16289102
8704528
14962189
1113511
8622065
13824049
6998187
13658448
2896534
13951990
13476245
8842318
7691059
7401573
18905438
19540055
12813786
104459
8255453
2306075
13770996
5888186
13171614
14245166
13605438
6720985
13694129
19691290
9934267
15605923
15531588
9276573
13188552
4479939
6608246
17044984
10019587
13546692
6946706
10797106
17580026
12954199
15510279
14616148
1711359
1776732
4058863
13256029
12675076
12782431
4423183
5704852
8326753
874379
2383020
7947470
12164206
1755806
19689686
18211576
18821485
17554541
8953760
7828515
6812270
7362737
2351015
11709744
4737854
4515963
681361
5830856
9834330
16023610
1147071
4157064
17321827
2333073
15987277
528415
6615047
8865917
3039888
1603801
9422714
19614880
409638
9437574
11081881
13448357
2961654
13645095
637537
4937904
9430172
2095291
13956946
903553
9061117
14800336
19217928
12308255
2729249
16283669
263888
19875016
3687647
15142297
16925631
11639940
12239789
3444109
19908302
6950074
14245947
15418132
4350495
13472216
54626
9018486
10346578
15190865
3343299
19523109
8751691
12902686
11707176
7306096
9221158
9661411
10786276
19365832
17381443
1957249
19155777
6172866
5644955
14869642
18716517
9867585
13550146
16152105
5387513
15482116
14521332
8869507
13215981
6958924
4564840
13841569
14604492
6116969
6609995
12801154
5658863
19341698
18831543
19713735
13201801
16592030
19720565
15650707
6193742
19016389
4434704
19757817
17210761
3715031
9922753
2685899
2446484
1855003
19888266
14824956
9613465
13408600
94464
5614272
495703
18453819
12090576
3367506
13440072
13653343
14929615
15558450
13491255
5327430
13631568
12796227
15246995
5989289
15328237
18927417
15565821
7490103
7391768
15758888
1059891
15953660
4703775
7712575
18222309
2141411
19539513
17029482
19964037
2485715
9476900
1023107
882259
7889808
15892861
15098786
19290387
14161423
2001653
11695472
18686305
5394835
15845714
19204858
11155986
16547073
9791827
19836552
15772067
14922013
9865704
13406622
14550217
19828151
1920217
18526965
19585155
121687
2618288
8915246
4604991
9763418
14905394
4916758
7123926
9668485
19084729
6391271
15888874
19184383
2265383
11339990
4514316
2865628
18289731
17447805
14233600
15448026
6998136
11988196
18731040
11712888
723741
2598445
1911090
13580757
19972689
12358299
3714491
17891518
1827962
13876632
2956203
5362478
15211858
2596904
18970647
850937
9593927
8900062
13184314
14294303
455801
9134395
19637627
16049113
651375
11505726
4792675
17869779
5520968
6983942
19247027
18503779
3673168
4799899
18994965
10464431
13553501
15862626
16901169
19176535
17838130
11893359
18470167
13335773
19639297
17562500
13654326
18389106
11617589
3401427
12180636
1287160
6818255
2905343
6572570
18591638
5455649
19487422
9079444
606404
12814550
13049480
959791
18610163
14285759
951238
2556277
834728
16237078
13843389
19839770
11790749
16648466
16232783
12358080
18764178
19785741
321897
14114009
14746336
7089819
18076265
20021787
11804866
14667435
2763501
10170103
16289203
450577
7600145
14473282
11406102
1018217
18846962
12015043
1061818
19496266
18633710
8996803
9173352
19290492
4332880
19712338
20025623
17003238
9131204
19327428
19627694
750228
2897507
951944
12596988
992691
6495864
1328810
721849
3017565
18057367
1122855
13957198
18188620
12145269
11387486
19954870
18504527
3783173
13953656
16938992
5332678
6933288
7178563
14249694
19046152
18505068
4708146
2803690
18093193
1282274
17207416
13294052
19355697
9737840
4837129
15732087
18346045
6391286
9050976
9596608
513548
15398145
4389334
9751394
15488105
5634096
10789046
15067575
18176294
10210473
16468083
557768
3299862
16264910
1720108
16990206
226311
6784171
3265309
15138590
1702030
16322471
10833604
2653644
19390600
2289360
11288758
10644482
17885467
6875372
9816780
9415290
9699745
18246863
4472567
17231560
18786290
2114194
3184639
9911090
6434353
13780685
14212830
18006977
3036871
16609925
13562745
450769
12772376
10478526
5707888
8323096
18297744
5396863
3563723
8914217
17106111
6923506
6481936
16299489
77765
2956817
19580000
9149157
20006533
15055367
11930753
9725985
9057892
12994031
7338468
14586448
16511719
8757674
8074819
2909021
17693484
6821839
5473796
4615887
2851252
12687169
9924235
5988227
7343058
18941234
2344562
10160108
15087285
15502597
2398434
14726711
13612650
1545022
9855030
19354615
16766784
16971246
8454842
13232010
17918873
13852166
4042742
9091668
19907460
3006689
19240001
13703598
11496584
13844634
1223165
14235563
9561251
3621446
19188166
9802131
6451272
15282119
9194253
3739712
13082298
18822553
14920945
2799093
3103414
19016246
6401592
3146596
1984816
18052924
7457099
17487030
14069583
14357487
15295357
7223647
13219874
16775768
2744182
6990972
1839818
8740004
16121136
13326701
17437106
153292
19745478
676295
18053946
8966254
2024153
17822307
15663109
5569671
17535732
19945085
15371284
2814321
18645278
13707205
20048475
2634963
1254414
9766228
18032608
12540167
6021893
3970701
10589384
8914142
17465814
6985366
332131
6882798
7170540
9555802
15328639
3830715
17682354
1418394
12545607
2897251
17558524
2254469
11651567
11162475
18845406
9748453
18364118
19899950
6237556
994368
4897820
16296901
16412459
14904774
14597118
9311935
647598
17822179
18283675
3264261
4682380
10136980
2248069
17595458
19264835
9124842
14608287
15716842
9796737
14436173
962897
10462453
7373652
1850247
10011763
13754447
19331658
19142334
4879911
12411284
17628823
2252847
1331658
19360680
14071357
12035008
14148550
2918903
19323283
11259476
15270264
15406714
17913233
2828288
16025006
2418374
9964188
15659444
5445025
15323185
570865
14181777
2595559
7081601
16723898
13486141
1311126
12864784
16737286
489924
13925864
19955433
19572118
17619863
17769169
9420612
2152186
13054440
9593954
2197259
6138423
15795161
19674110
8232541
7092992
6450254
19186324
12850815
13976990
2362970
16998664
15159758
17220943
10493051
16334686
14590476
14032426
15865298
18033730
12493249
18074771
7418209
19250980
3174327
16145665
254467
240314
2141975
16378562
13375642
17437772
18548561
13725647
10955109
2342686
9861323
3086681
5944801
18099996
6072197
18939465
9879235
13187405
15230892
17147590
5733855
12812577
18393650
13712915
19416610
19940417
19772779
19155988
6445479
16530962
2037036
6895536
16382105
20007307
13019012
2781431
8743269
10373349
3272552
5862381
18566369
7988012
19474392
13156842
17052
16780457
14225014
6402563
10565066
8964933
13555211
7726364
582206
17130787
19408749
17277396
10239405
13881622
19238817
2782449
9101783
6411327
4466713
183913
18832855
4176970
1246392
238119
7729925
14106232
3250578
1181098
18595342
20005112
19171442
12874869
16617969
9603309
19862345
17983188
18395182
1271480
10155992
17838856
3585974
13659812
10112359
17236831
5318713
13109115
15008446
20107146
4749330
8997116
7079030
5006372
7563493
7631369
13818479
4986227
681120
2484613
14196548
13264690
12856529
4850946
7473049
7626145
6817243
3850967
13779137
17354919
4034745
10892458
1325889
13383518
8918142
3517180
8547039
725986
19527235
75658
19940728
21530
20067221
9342019
19211172
13125371
16412449
20124263
7374260
8110333
7505061
19356244
9039236
19323616
10784550
19871071
2138388
10019577
19494738
17142987
5397463
4322039
15639600
18717757
17292458
9802510
2901474
549546
15269853
6941988
8667450
6037337
19325832
19685546
2040365
14406468
17177059
17623014
9271400
6512429
4658747
4572225
728976
11440481
4712864
1036147
19528091
2743848
14913053
5065061
3792551
2487916
10585822
19619314
15755967
14800877
2718215
18682860
18374446
6841827
11025036
2518806
48584
3787205
14312424
1108927
1203164
3722595
14276342
18050910
15596304
5099374
7307682
12249296
12396593
10243817
231442
16271051
18104553
8482952
16118238
13343610
3597460
680096
17433040
5194652
5850035
4536152
4829520
11098587
13844651
3793874
19483809
7415101
18265063
8728470
13013882
6881827
4225455
1251653
15464431
14501861
9674880
19652155
6494256
16734524
13526912
6294559
4480517
16279292
19964280
17726735
7409830
13543922
2825297
7974235
8854114
17820050
16959255
14820218
522263
7537843
8960356
14617684
19107421
3746719
9642664
11529647
1303252
4604836
13955744
5300881
4449058
15187714
8517301
19350517
10162752
7976514
17801039
4785138
10907168
16666578
2942799
5480021
14753143
19709248
16867711
14139343
6729597
14012283
11865398
7391329
16475278
13974127
15650996
8552108
19750749
13170777
6288004
6766259
1315770
17344616
400166
18122915
13421751
19333056
17761799
7211467
13844522
1752741
9709733
3389725
371716
4038746
9924167
1606975
30616
16842287
18149851
9741613
18115425
19357163
5029201
7839545
7111050
18191934
9235994
1275715
9444903
18617227
18753689
4654476
252525
15049861
5644758
8686167
16173546
10005889
17187942
13392646
19205253
14204031
8511959
19132046
19018581
16136213
15268598
12350527
2521670
14990327
406992
2415349
9863678
1787754
214217
10525348
18414573
12181079
10708300
15483763
19618550
17029874
1993380
17033100
6884733
17923411
19328104
13818213
575842
16539736
2283304
2632967
13200158
13618756
13818435
11483117
16791890
714029
17837603
9223772
856042
1560408
16331969
6480490
13933223
9332872
5810581
961837
16268350
521522
14615541
11610426
18054479
19500636
19282069
17662532
13129649
9368309
9878558
10306149
12681170
7233454
2465089
20007897
6705558
19836884
13508867
19482743
9731039
2348688
2079574
17135535
720842
13821839
19994129
1231003
32883
19976263
3063827
10601074
9725545
15343934
7630302
48592
12438605
19471490
14550985
11805692
2026792
7197581
2994519
2943480
17718893
4934879
6540654
903972
2677529
4081707
18059977
6345234
19602663
2275575
578833
18031944
19647568
3235455
5400044
6241195
16722210
11249248
15662215
6882256
18842510
4962795
19311704
18337842
8734174
19480093
17327936
15248347
12709920
19133915
16306237
3235603
15608918
17728945
18861403
9573726
31860
16202643
8797253
2127631
5550458
968892
17951580
2062630
776765
19651253
552502
7071683
19078049
889296
10621743
3979613
17198901
13851614
19807652
3186416
8296847
4763755
8734259
4464163
13185187
2910823
7431316
192540
11258735
16237428
19160685
9696357
18888767
5464997
12699997
18025859
19840424
19989985
16786493
10830796
