5926746
12887417
1493085
14064662
5976643
1083888
6563569
694135
2484710
11247055
11403935
17219560
5088731
7721117
19796115
10996466
13220720
19908777
14559202
89756
17837496
19375224
18196304
607525
12082561
2961816
16859979
1296471
7728575
10944099
13883958
443598
7374403
13405158
13927922
17615925
20043604
14048264
764495
16266045
11996555
13567685
14890853
13287372
6478141
8774044
14867800
7171846
3744429
15453573
893684
17145848
827062
1184128
1905276
20125837
11529623
8297547
14421212
15783007
16895621
4703304
16381264
3269034
13586718
14124262
20012634
4819912
13869179
10194930
15742149
19715739
3969751
17435074
11514616
12607018
16504791
799369
4569903
12800098
15406821
5092683
3334725
4790423
910181
1357372
7743578
14949923
12417127
6840790
4235201
18878477
15086672
1743670
18154172
9666289
864381
13978656
14372019
4875955
8521368
15306423
19615355
3268853
19903094
9504481
19319821
11477302
8293244
3788532
7670423
14361273
6607612
9365176
9105470
258412
685811
380335
4820901
4044607
19593657
3747314
12061462
8593656
17607283
10357021
13545224
16020634
18870541
2041143
13190547
16802328
13873506
1370405
19732972
13384859
16204220
4515288
12421906
14732462
10256160
16852501
3423330
19431893
3135519
7702871
12344391
3107511
6511675
4444868
18951272
756142
1094659
18944697
2395088
11289072
19286569
1020731
19679564
6322122
13597211
12196813
16936692
19636769
7160513
15195878
19254929
4859418
743669
15266421
5497258
15399354
17614744
1271361
13978925
12933658
12183962
16273693
9378184
74821
16504134
10520219
13189500
6481924
18508959
5580236
15481730
16390686
4123181
9031884
2578028
18382229
1878642
4234072
19834911
9543924
17955384
14313481
19251255
8533771
11884456
18094184
7094462
14314240
13820725
15523119
19674684
3562867
9008952
4994462
8342009
13502841
10848226
17006190
13852372
14473545
13749421
19174928
2680498
9398348
5119099
5862845
16439426
14066961
13511520
12274662
36327
11130531
2934692
12487879
10246479
4788578
14273871
7347832
19658053
2054899
12910167
8790258
10021643
2290277
723312
15518945
9029289
2793905
5506846
11635838
61459
7577803
11141617
18366609
5914916
10605775
12590964
1154909
12635550
19745284
13948949
124251
744227
799836
12196471
4866149
11503509
11447846
19138803
16097656
16212477
16922242
19520785
15233211
12704407
3220443
19943938
16732874
18784575
4280150
18633710
14486705
2648272
7094807
2781079
891753
10271071
11170784
17251611
14187475
10820748
11919959
17663274
18040852
18609924
9925507
1341523
8262502
5160363
13850715
17992493
18411980
1222497
11479384
18090441
7377298
19696518
12186741
13743350
14066456
2086374
5485262
19886552
6725268
5717198
12018096
8064654
10021160
16625310
15280023
7516336
15161379
142121
18106679
4636895
10937876
7664789
13506384
16657367
3200522
3390451
3782770
11071984
1792376
16483120
19630837
16684675
19363636
4159164
1012524
18556588
11781310
16497949
2677394
16011405
18441783
8488308
15336596
9541017
6369028
14832040
16253708
19947555
18756507
4426877
8681709
12262453
15729325
17134130
5189396
3152327
13842169
17978997
17817329
20853
17245751
18886339
240938
9371045
8860225
20042484
4755590
12346131
7196149
13633400
3106154
12575399
13542391
16647121
7090860
13245621
13257328
13345101
19552162
633717
18829144
9200230
11891642
18064196
6086025
786347
9022972
15801754
17878851
13257209
18451576
9689484
6861380
15634670
19116730
13995614
12148877
13196745
15883690
6703731
13389668
13926463
15527416
172178
11825152
7427979
1121497
2611869
13063592
18501455
17249679
18734633
4547386
3739810
19820259
19501682
12713090
18956236
9688633
19196130
13150465
7173620
19963343
9390608
15464934
15951133
19468125
6775259
1328861
15130090
17890118
19630972
17318142
18821560
16661916
8425657
8826833
105210
17560543
9484229
17478701
17325716
5153123
11421994
3330
12195795
15289231
19616170
9272516
13420872
19678865
13520797
16259122
2125999
17194696
13286700
17666011
101021
12524187
14247874
13794258
15577597
7707531
131865
14989986
18580440
16593401
11981678
4145494
19478923
17135489
8403378
10245186
9327028
7233241
3302905
17139703
3349339
5502554
5568351
16689145
19319184
19418141
12961738
9141511
9776245
15521629
15396351
4305170
14909536
19165802
12274337
16286990
48584
18878260
17623476
10200715
4706352
19216722
1093820
4079040
956573
4672308
19117990
14300750
6066563
19529438
18006173
9979796
5275949
10844411
19484756
860625
17051475
6004543
19488029
7165015
19484532
16523363
7222493
4946420
17188774
3022190
4244685
12676400
14110957
15781276
10280439
7348714
16692196
10092713
5323013
15488182
15358486
8840870
18891652
18413697
1038847
13599852
17009978
7659180
15241517
13871825
16310180
19785458
2027881
6921935
160220
15086414
17095925
4122052
7733251
18852659
17574801
15031036
12665013
19280722
3230060
18227163
13087800
18992659
4507836
550225
13882864
17019655
18417962
12690961
2550676
11366269
5028991
18892029
14411343
19212024
16720662
18674204
19706843
8024510
19039431
14418276
6764996
6321888
11439005
14008901
13447311
19223119
7675994
7474124
14807555
1457575
14073075
4692995
13371388
13935360
4048871
3858822
8506127
12170307
8741053
11949531
11781279
14131125
15882064
16331008
4685204
817495
5390509
16331448
3235788
7709504
19242821
15585387
913143
9075768
3401271
13059328
3499807
5692361
15210320
15114493
19881550
14459106
4837031
3135700
3937858
14973650
2783935
786908
8701982
12725102
16306361
10428090
19920883
19226000
1501832
14462592
840641
16352708
7663465
13725363
6882798
16305337
5300195
6345955
17300074
2262729
5818551
12664763
16271281
654232
8781268
8923002
4553528
9408218
19567199
15855301
19217891
17562500
14555783
2680048
19221084
10106768
12450817
9206086
20048217
19763899
13303154
1362089
15185976
9790060
18157308
8251330
4225472
3088706
10074308
3795630
1639611
7041567
12624439
19737908
16556816
18250924
13290156
12198698
14221607
3953666
13932575
832549
15508561
13791890
1443077
12031812
13508285
17153913
4943458
18872564
19652272
310679
13255199
18182497
19854692
8101848
6459962
4722863
9753443
16803370
18981316
13573101
6383557
9763418
729934
9133768
16989837
19504758
8498560
5246890
9063139
770245
6137021
15434742
14092236
2267657
2653133
5861554
19859553
15475362
17495740
18196956
16147164
18072354
1036684
16156380
12028495
18928832
517600
6811990
1130288
6437262
7143584
730350
4960906
17723519
17361858
5217450
7495497
13429601
8501038
1389643
2363009
7470216
14461004
15086697
4447646
4413996
9639796
10402354
8781097
9350608
13957559
6736932
19034746
14344399
20052125
13921069
3601816
18102428
7064894
15715089
17809073
9231791
9430746
18074110
17174843
14090665
2974172
5554302
13836224
3829450
9253599
16346206
3058901
14713334
12753434
13044899
19114395
17432912
8502857
4380094
12563702
5793654
1246276
11401884
704793
8333450
19658463
7659668
13476488
3109849
3216974
17840682
2723303
5723275
7205945
16242906
4544827
4974298
3728289
8425141
19753586
19589948
16282986
9185710
7648634
14279135
19882406
13723795
19532572
13890242
13541638
13245047
8290867
1592355
4454223
511385
6259096
14388889
14628204
486542
7233779
18719324
2806001
1085442
14182963
16893976
222054
19356491
18188958
10922902
11362069
10896865
10463024
19648663
5838964
15673303
8121284
1989368
16801444
3032374
2930696
15933325
19720832
14470860
3574494
8667555
12863507
20054569
18392167
12441518
1132615
18835099
18640841
16552447
16155179
9850409
18504806
175338
2032373
3462874
2762767
640691
12169142
18934418
462625
13729466
14749302
14608732
19066291
19108300
1161381
12358882
4836366
6613041
71774
188661
13769969
18835503
6913795
17362772
18484822
12577983
14393390
12704983
12661441
6800277
18155807
16718820
19543860
4245726
729811
3730003
3306113
2168303
483819
4186574
13690015
1269778
952684
10059719
7167825
16806561
16412921
1199325
164762
733727
12500741
14472612
4966348
17878105
18706127
13770759
8158858
3107925
12443071
252095
19143353
15566451
16284453
18339974
19688610
7168852
8868841
4060526
19071061
18737405
18453977
1363107
13526607
20126266
14049001
11416460
19762631
3529030
18995888
18197300
7217886
13966027
18872009
15058410
8846437
9355525
5475163
3148843
19307203
14380737
16811361
3381551
3670638
19640075
9364096
13543305
6425751
974292
63693
16018162
8788787
19527299
9345164
1564337
11832249
3236441
353008
251277
13955484
16428507
16535859
9343466
15841207
1433922
153674
17515475
18935508
2841107
15166102
11926941
19900016
12318212
9381657
1191955
6607086
18910131
15815905
16069591
18796972
19394094
19376753
13316028
6761037
16107064
6740105
2218895
11883388
577824
12370347
13313380
2400073
8419628
6025180
17469154
12894879
9995719
7326301
18076623
2488054
16582075
302017
4134108
19731027
4832356
13944403
8736934
19165048
8300081
16792022
4246945
18106183
4352537
16657247
11758335
7168192
13355711
7571893
15850301
17699481
13148429
5524452
13390728
12377603
4805722
1306157
13090837
7569635
18585153
17694933
17422551
13417863
9693821
13486749
17839872
5530885
19168854
7053380
5393631
10012798
19668312
3894100
19094192
10925309
14571148
5232877
5391840
1946103
12229856
6196860
1227552
12261851
7633823
10839007
10019312
5112311
3937630
12143706
4594685
9461317
11366003
8577718
3781627
17692457
8397019
5179986
4224091
5066502
3216400
15882787
1736064
19687923
5944151
16068270
7003570
18037935
18140640
13444964
19928796
15672620
14933521
4852311
6542661
8288031
6828885
4627938
10801360
3267772
11261672
19153595
10097432
19454018
1667079
7069150
17900251
15703574
4123583
9244018
11097698
19076196
7380338
12335002
1891842
4324166
2944654
14472385
4623771
8880999
11390329
3990803
6767011
2186702
18066674
1261519
5488242
19633082
18655614
2143577
6821750
8222249
17285485
13891685
18523329
6436950
8844587
2543161
4229424
15794534
16905585
14339660
19716722
3478870
5024590
10533451
3741075
18500972
1755484
7577991
7338492
17050578
2387215
18720287
1354530
9691588
19609448
19458210
9222934
13712922
4550494
15591309
13584014
16148691
8924504
5188927
721509
18280558
7206796
18123648
12655262
85094
2447045
12082111
6598568
19373774
5021376
14046933
3561647
11139469
13709143
13041392
8087403
2787748
8055778
5742736
2590698
9694758
423502
4126998
13781861
17101664
9176644
5229212
17219208
9998691
5227779
19311619
18426456
801125
3397220
17498168
18819275
3063068
19713630
7770735
20019155
3129201
8806783
18166070
19376045
19614154
7303170
15968914
17729398
17812236
573612
1645866
2113269
7224236
13012890
1007671
14699186
16983784
8965303
18236453
4801122
11959243
560694
4762218
1411348
19123456
19785259
17829738
12614855
8046421
11330039
15639079
12112335
15034950
1935109
18492411
13797645
437586
19418963
19282661
11072073
4798794
FIM
