5000
13837500
18523665
12514106
413567
19657561
18136478
4891646
5886532
4043470
19625234
16706061
4654475
16592999
2793905
1561152
9724249
10282792
5795491
16191171
19763552
16350470
9041105
5522288
16190122
5246437
10857405
14614174
6419593
6083820
4705083
3969751
7763118
15609702
6008923
12218672
16476263
9193517
15276101
8841255
14932920
4455813
893684
11933685
16434762
6303981
1827962
15957238
18463609
5174800
14670092
10103963
13388345
9024063
19403543
11481639
16839129
2359514
16884027
11292265
7007477
7002250
851230
9738605
20022711
14057600
9378046
14104323
18852800
2145858
6064471
2080709
354372
6394586
955786
14623640
15946574
827463
9806114
6180348
14473519
9972046
6170995
14950985
6828018
16650612
15782266
19875957
4868040
17323777
9836524
2979262
14330598
13109268
16892294
1282982
13778994
11253598
12998169
4103323
9793465
370340
1932491
3722606
14014170
14032689
18653606
14210716
14455250
10276222
17445638
5189161
13628240
11862932
13153768
591349
15127608
19159584
18175644
7490779
7930494
18507990
16257916
19552167
11434848
12927047
18235200
13670272
5455649
5728903
3944625
16579236
7128695
965595
19875063
7558284
16559019
637830
13510591
11472593
4076118
12278707
6209884
12018380
12891752
16250541
19590455
16456460
13274776
559511
7791635
8603083
3241858
18106269
18746860
3857863
2637268
4622978
19726471
15113038
7708148
6167817
14273749
2863091
17887871
12638337
19723421
16173080
1214867
20068189
2176978
131664
3269801
13392370
7405600
1456352
4548248
90659
12983684
3083085
3225571
1337750
8321176
17682952
2447663
14840260
16164497
18673950
666613
17649666
1968210
7349256
7801483
5610965
11142031
19818449
982720
718030
19282891
20115876
15007191
19899950
17685139
987418
6791951
12852296
18205583
11655076
13503677
4650153
13257845
15655772
16183162
14411343
9355525
8314234
2578641
7851753
12917834
6422551
10235422
5995370
13722324
6944500
2328417
13813731
13377231
5307273
801125
2412521
837551
11310494
17912371
7501154
19837852
12868996
1003634
13135083
7230396
7052519
17811450
17730939
623743
9327985
19230776
14466561
18993091
12182094
11916587
11859647
3650028
16908059
10827255
11328845
5744891
18713777
3412633
8811514
17536549
11871932
6464070
19738289
8677502
12280382
5678520
10695252
180822
1651595
4771134
16363498
16416985
1437075
4865451
13316545
2705454
13439296
17847118
15895204
15184557
19749232
9834167
2661808
19493327
4377521
7494065
2770469
15423552
15198173
6355025
19664553
36327
12558745
9922673
18754371
3219926
19696150
14163352
6774740
2136200
5233617
18169239
17432117
17209047
15740729
12439359
775233
18523144
12173205
1674693
16768241
19205726
11950302
18280599
8744309
17504601
17940993
4795922
6048620
1010258
18384014
809183
7174351
6601424
2863791
13674147
13458386
236735
13655890
11286587
13468807
1085916
7418874
13463210
4092403
13460399
16244121
9504949
529071
4871666
16647642
10102418
3685704
1249170
616290
19697151
309092
10100581
4250867
3623949
4161209
17461341
18330871
13125371
18684350
2152185
1165022
5567220
1729543
10293346
13700820
3565044
6947017
12971300
7206568
12886209
12836178
13950598
10082414
12399951
11940008
16595004
19803702
18802982
4194443
13421441
8927910
19488382
6027682
2228735
3031238
10035920
3043223
6014438
14133317
13514484
2498996
3314035
356729
16813509
9664369
17931651
12495887
16122370
13603712
18567498
11874080
19361696
17281922
6862482
87987
5763191
19162641
19806449
15657915
13810579
19766312
20053258
4837523
15659005
16487769
5998911
15420967
9796155
1149515
14312738
18888568
5924326
18859191
19115936
14243001
17158738
14465553
18989137
16465002
14024580
554889
17276372
8400115
13075672
2717904
12207964
6193114
19958983
16643711
7294846
18621904
4915963
3381220
13178679
6348972
19551079
4686845
583337
1674707
15326243
2289146
4622005
17083834
6364280
8028282
586227
19467513
8609610
9393610
18384480
7851588
8138351
18012953
18562687
7385589
16708476
8029907
14041728
9837352
17811860
9168698
13730290
16582933
2106764
18497634
13377443
3221381
2252452
19583510
4788812
5163666
16934709
2743094
2524413
17872988
1996887
455235
4285151
18482996
5704948
17246772
7091153
10470924
9642256
14247423
18030594
6196265
19889136
18589266
1137999
13887021
6367600
784169
3484366
13027283
13616293
18732803
352651
14242487
8401738
15346338
17103066
19200551
2644649
12015912
4073837
19373106
16834545
15444834
18046585
18733946
18792188
19908235
6459366
13858021
19070295
3155407
14487107
4232413
9747254
481178
13934260
4920912
16375256
624222
13587640
13710863
19959824
3243571
4188848
1984261
9189339
11159591
13148999
385824
14744425
7729925
9646874
2908011
2966422
13950206
6424836
4467771
9339092
2942268
9375897
13879569
1970512
4836562
17522686
9982808
17004900
486138
11654591
19814573
16564641
9131802
9861797
559782
2134294
17472887
375249
19616037
4847184
8902975
17398783
12849739
16951257
18973434
2833975
7383209
259946
5676310
651475
20041788
2220091
6543581
578742
19473047
13582811
13758857
13401696
749276
19112288
18953914
1126419
13547992
19080193
18850109
19525545
19725301
19083845
7505320
699063
12915745
20124263
6098403
16273721
19116175
5138491
4346030
1264695
7799045
19059139
12318080
2844178
16195143
6512098
7034787
11288401
5416267
2827322
19807874
1364907
19766824
6125131
6789654
17530300
15773072
19189529
916514
6850973
3120957
8796005
6894498
19350517
6896306
18063815
17365680
19212985
6739785
14099269
15561163
5143073
18310457
5018450
13200815
19417425
19897151
9735931
5263036
18451541
12600843
13958108
2881592
13161524
19022841
17972013
16381016
6892382
12187232
19432208
1031476
19906805
180950
4150932
9733227
5517755
1158774
8297490
18942119
3476431
12221831
7710222
7599950
19637130
1023503
5188746
13489234
17668540
18698936
9177773
2621780
13060456
6115195
18374446
3696143
8247969
692567
6258366
15786910
16702706
6709146
6997195
4180538
3979815
2481719
19493208
13682365
172026
1754797
15192360
12266810
6446008
735752
19502506
5679640
1492391
5142888
17957521
8736846
15489275
7126928
13002127
6913055
831314
6462772
16707671
16282509
6850801
7241949
8012334
9211087
18927730
12356663
11853769
17316278
7084130
5100059
15372508
17707702
13455457
19861915
12366979
4674903
1785942
14271819
9309540
14179647
1231566
15499991
3239319
6436950
16950133
17820482
18701309
13826177
1776859
3746155
7451991
4929957
13429575
16155271
3520211
46339
16575852
10869213
6204293
15633510
7120348
14775043
16497190
19688532
435946
20081508
19286180
14865602
11784363
17945279
5964700
15122538
8969760
14640783
9167936
16213550
7849104
13672547
18525160
11112694
17121579
16251572
12488390
6611547
12575172
14273362
12966853
16050181
16601518
12001449
3530723
1847389
4227799
7384996
6099885
575376
17749799
8677378
11406942
7718529
14238785
10057181
16699883
5377091
18635150
10071188
16375725
17458216
18427786
14501015
11111283
7659668
532504
1430386
9324038
7824945
5575188
17119228
19827721
8517344
13185561
4983566
17646760
16507527
1155885
3236977
8471007
820442
64790
16221430
2415563
11724389
14055393
17786751
1866131
16375755
7942848
7454378
7906148
17189694
14550581
41077
8284823
18659740
3044964
13149615
18148798
6354268
18866658
5099558
14301088
12259770
8646090
8979762
5719114
19614625
14956404
8739741
4575812
3510414
19224034
5248246
3913659
1055295
10647294
19714288
9919053
18733635
1327473
3223333
1510906
19361161
17544476
10662710
4214496
18165822
7153305
4121110
15279374
1685358
15726290
9535673
18207638
2841956
12641545
3556663
4630470
6787665
1808550
4808785
12287442
17633689
11559006
18580510
17468259
4851039
3286475
9702538
10673278
3230763
8925082
13492134
18610419
4259896
5708829
6299964
14785624
17243295
6292641
3924325
15658437
19781480
12959040
715817
13312817
14277114
11355659
15055672
15333336
18743376
15409824
835305
15582426
18324608
17452495
11663344
10069795
7915324
12519845
13573066
17497057
2797850
1387132
8506757
16595172
2495481
19979517
14935064
19416528
18444588
12574942
7063756
5754388
8044547
19820958
17840682
3354498
18012948
1272220
9689286
12333212
4638288
17932165
14931249
19749672
6812717
18051496
3174292
9862152
2111242
18765945
17996972
14182946
19657488
14056800
2387215
14341253
2706425
4762904
11137759
14202775
18340452
3219654
6780137
1949028
19817080
10355146
17073651
12395063
11654073
10102424
7674796
16685246
19098706
7374699
9685213
11388373
2524420
6833000
14105305
12824532
20043275
18956176
3237955
729482
8199800
2315310
19743395
9495238
19018388
14593735
2815249
17960375
4168470
18532837
19486824
18105005
5666677
1002650
19162994
74568
17769568
19161469
16911348
15403957
4740408
2229914
3785929
13631684
11845696
16069583
13955160
14242424
6810948
2412400
1843314
5605017
16308883
7707979
3741075
12242672
14408114
10255588
14370501
4836756
1895013
18763198
19822280
11635867
17251616
10385040
26754
15546646
10034858
5221073
9423674
3326162
13665425
6026288
8540941
6933670
19618423
14580622
4766618
6484679
9591645
3221721
2049433
18104690
15893763
19376805
707601
18131388
1279234
8815447
2169649
19045467
19485755
8930415
529891
12015378
14904802
9733143
17115685
1682258
4511780
19225821
9776682
13846126
10721928
5029618
4296291
7222493
1323020
13955727
1158324
12506649
1200592
8098925
3041378
15021783
19714163
8294259
10120879
6240975
19079934
19591879
2773082
4109798
10138296
11904899
15462051
18209366
17152860
13221788
9507689
16776333
16906142
20001924
18284074
569891
13109026
13754447
7154019
19046033
5169654
18944272
1062937
19560032
1326566
16675913
9792495
18966139
7815115
16560593
11841988
11905096
5718452
16411784
1277861
13875671
9210609
6025216
924442
16150433
18844110
909859
4757212
18672921
19029817
6944825
8146498
19925834
9484656
6432295
13453271
7236809
13504175
241159
4987929
14693858
16004776
4756859
18019165
17554334
11941173
648777
11386843
19464695
4908680
416158
7149452
7665771
18255194
3004893
16442666
18266459
1342723
11851350
19636822
3180250
13018125
489822
12361118
8206718
15379923
6039812
19784539
8951315
11209106
9075065
4691263
12572308
2287888
13884778
14486212
15841667
13313791
3451139
871279
15396309
838258
938461
12193711
11532518
1704798
18073738
5438032
7885253
17076735
5621376
12126006
12226927
13892968
17987259
19073092
18461005
776257
9290497
18134586
8957166
13095456
19958193
16448637
4335892
19798849
13698359
1558142
13425095
17829273
13628577
18224289
4623217
10276934
19382443
15430782
6197149
14893233
10669323
8717078
9634880
6567489
2949790
8396468
7961480
11052163
187570
13914370
19994420
9483676
13320363
6937089
15754812
19581089
13037692
19264384
9005699
2963610
11205664
9513152
13170351
16269084
10297544
19209259
6434973
16554609
14048024
2236677
14003141
15153665
19194243
9379167
2830365
578781
354514
11872899
342902
17951305
9922745
19141749
14971795
8930719
16731024
14200184
469712
16197789
13042637
17122590
15879238
5760666
13337682
19495277
4838020
12420337
16923912
3454732
8529631
18002933
2675722
15307093
8299969
3134624
15737376
2767787
16104883
3212443
16306878
14691805
1656585
65015
10383630
16267986
15706750
9709808
4999925
8830802
4461376
12601692
6713764
14904581
1295771
12667802
6752290
5402016
16744959
19413691
11427382
2143241
6776299
7891403
7082901
19114742
9315295
10069284
15790071
19190848
16233639
4624521
8628430
7029207
12540623
8845348
18344293
7862397
13666299
19140205
9610982
4546657
9649220
4564038
12994429
10068693
19930723
2686628
8231321
6000898
16331645
6339984
12713289
17622053
14167440
14915956
19112330
13317343
5362716
16944282
16356833
19336256
19217891
1116927
18085619
16683221
8194194
18372051
15112682
17238030
7526311
2824424
13097119
10715749
8495038
15603347
18865501
3669393
19761716
14065938
16140113
6034596
1689438
18191965
18151742
16975635
16368541
3556019
12279792
11735378
10765309
7627835
15637416
16357677
6746143
17407958
9233760
1154052
16422770
17811895
16034382
17410363
16212086
1406446
18226310
4598655
18227529
11548782
7250983
8771478
19266147
58294
2102344
2528389
17525225
7672584
924904
6319009
6783841
7123482
3760824
5815437
1739847
4713667
12674680
17922169
6259166
182177
7785851
3544051
16775102
17253106
19141833
13371633
17887856
4852311
198998
8662518
7470123
19538099
4799245
9481611
16869999
19078000
17887664
20063739
8772629
15532799
8142516
15850005
13925864
4318550
6822471
3089764
3251707
2634573
19757817
15162845
6612222
17529793
7634459
19714392
13706564
3779701
6910072
1528293
1307478
2361682
11005929
3356859
12334549
16757281
6736599
15934583
1860478
326189
2677689
1649087
8007908
10334025
724806
6232154
16688659
660812
14321017
10088849
15604993
3653838
16152758
8903910
5912467
7908808
15148361
3326282
17340945
15866826
15414206
9610046
2692828
18130892
10114001
16278902
13308768
6737815
17986354
12599999
2520042
14101551
994938
9643181
17983188
17259394
15164928
16428507
6274228
549206
16283432
9713594
10036369
8425058
16356008
9632530
15120340
3518835
16442395
538344
15488915
13677719
4713740
9473760
14228482
6434547
17545775
16801119
1129827
15493096
17689556
13662345
13302212
3017565
5943182
2134454
11693439
17853350
19382870
13089249
9292889
11115973
19381611
6760570
6906892
19107786
19569514
10625064
8135511
5820170
17746898
18902971
4013401
7396009
19315574
1241335
11035533
18866081
7890636
18702375
7505809
7526357
10474404
9409406
3709090
19836772
18584173
4528928
6344172
8881723
13184161
16130958
7687262
19550750
4344324
14088249
9908304
2477020
16065247
11094606
12575399
1248033
377217
1838358
17462442
8713988
15405720
7952847
8255301
7348509
3807336
14137017
18288391
11981678
2022232
2952990
6071713
16026428
4240528
5881122
3085161
17775642
13469868
3716068
2889377
10457175
7814851
7915831
11115458
3197653
185575
1728437
6297348
18467729
7255803
13390480
19176535
14797005
5931350
7734176
18250934
19030550
6193217
5690852
13768719
12754815
18380597
10774119
19207312
8980962
15308451
15387597
5848781
14014273
17695384
3265309
1568156
19666403
6633420
7750695
10719738
2294057
2389340
18518661
14824320
18136594
19173137
5094593
2294906
4077325
9898259
6207473
17984102
8713246
12968619
7798285
6478605
11221579
17612092
3409841
13046125
2786805
7965812
3351086
8920875
348747
3744429
5775022
18707185
9578181
15613238
12116917
7853110
6713304
7707074
9167889
8507768
15299579
10010
4722681
10124858
8680891
19429274
4967191
19710331
18902721
2852841
17473754
17568641
1448314
5054759
1223365
18164205
19091026
2060275
2432190
9913385
4666455
6425071
13427383
65019
19686184
6948441
11935733
17935101
18571664
7684165
13152868
11377233
1444936
3155424
2428728
7331201
10020485
13231024
9683019
19990765
18472524
3996573
15639375
914032
19725328
14312001
4031463
15653582
12467029
18145365
10015249
13168671
672724
19764204
1364746
5162192
17188522
9972597
11187409
3364803
2589544
6545231
9010884
6292893
169975
6790246
19564746
13473124
17535622
1772615
19817529
9399662
8214370
12865981
13573310
16835096
18884719
8030123
18790230
16923177
3830885
5991429
6921529
19886426
18222309
18864779
7780345
13494372
3323247
3703613
4853277
15916931
17092691
19130444
7310835
19782939
18706921
19788577
2404266
10762837
18189620
19707387
15753270
17209321
3368074
19080438
14825705
7293506
15938231
15176749
18442830
2802724
18061481
18957899
1549055
18456168
4039038
15898491
6921080
17120674
16202157
885706
512948
4883814
18283827
11375631
1693171
6757416
1346398
5313282
8549712
7352686
12916073
8712231
15969735
774478
18986233
11001435
18177280
7240002
14943251
3932002
2186016
6954279
1739317
6721454
19297641
62095
325429
18439468
10202835
16269689
1794718
4020641
19236409
7495043
2849486
4824146
6259825
10052587
19908347
19654433
15751684
17259632
5322834
13446957
10200359
9562142
1042806
5759479
12638662
10041830
2855220
17555425
16341223
261044
6991777
9238420
299699
19190431
10120355
12976064
2290828
14971188
14628606
8879256
9053993
18850520
1442074
4373195
12111958
13874994
2756132
19617075
9072020
14884030
13271908
8024
1165691
9804626
15787115
16286160
2342290
8346801
19494560
17298010
1096832
17447675
2235908
18172765
378233
19816301
9281747
18291057
14204031
17772338
16227849
6944464
8642583
18265224
12362243
15418553
2070455
7308831
15842811
2447183
12804864
2639362
12185578
3970755
16538010
11424014
7379410
19300564
10193009
5234349
2870442
547027
18496255
4884113
548815
13423845
19347858
12015752
19884589
60868
17147561
18464516
163098
18801798
16048659
2473861
13557612
2937859
18788634
11565722
15635502
13748659
14167763
16998689
9790060
17808965
17309658
8530465
19295727
12146165
2943841
17953825
12315838
30927
6664296
18259454
1988694
19158973
14779480
16404945
13813438
12807121
13395297
10977188
2007773
599832
1333201
20009326
16064484
9381725
1329559
18796755
12932992
12532095
2933275
19236269
6255723
17972369
10161530
7034994
14603210
15650996
8934898
2930614
4803790
19362239
16576897
11675279
14893547
7108852
6669430
2744355
13332614
1265952
19053162
19685824
17006010
18613640
17532120
8739868
15511555
16678063
4570602
15511681
4666072
5489394
8541198
12440709
9915544
16681573
879686
18877076
15912119
16654808
18324317
276491
1807104
3016550
6374545
3913373
19267818
3824411
16779622
17989780
2759760
13843139
16123771
7854999
19425245
15700471
2777915
18650393
10426036
19799757
195027
9707531
17364675
7430991
2027881
9497088
10245953
6643012
18199722
16098175
2948093
14795398
12711970
5360487
9525490
448908
10887262
2120223
2880836
2591616
10563076
4454538
12033149
4278916
13169495
3666653
11864231
20083709
19304112
3325442
20083877
16415051
82638
9802510
19218869
2821377
18270048
12932670
16853521
6990330
13118599
2265943
4205816
15871996
1524562
5141507
585633
13181852
17253773
18821093
9134981
17192309
13928584
36689
6151737
9607482
7572637
16441799
17696063
19470447
4795390
3707671
1323301
18612452
20081126
14840689
6979813
18457880
5901554
8417949
5913433
6472400
20061736
5470350
16894297
18483142
2059256
2688542
1748388
6626968
15527729
16484655
195089
15880952
6062517
16145124
16825249
18290561
17524441
44221
3451758
9699559
11690250
12530928
18493773
18257701
3480476
7828924
4783999
16859502
10717033
6756167
8651132
13934047
19185364
7291934
3519255
7665764
18670285
4546153
17234362
17828369
3515436
9905706
17558334
6899190
8269978
17852880
4707472
853637
12932186
14206408
19383934
15787497
13630647
6444164
19655997
10919314
13019331
11412169
9272516
2060064
17167459
9686276
318358
5294292
7034018
15555406
19452568
6046676
7595988
18154172
9044642
19938244
641411
19171458
1205449
1744579
13939419
4764509
9177441
6246867
656610
2346015
19471128
12816149
4253617
13169865
2347058
18195445
1690764
7064894
19640984
14147107
14694072
16533028
5797741
16211061
17892659
18803350
8538892
13944019
5124745
10326934
5776449
19172071
9635160
7480520
2899035
13171108
451293
18323412
18930408
1554236
19486860
3112186
11588003
11620356
9733741
18607152
19596151
12664763
19041275
4950807
13488463
5772801
19065486
16697234
9931901
14787934
6807297
4081800
11866883
16608388
12831612
238883
13506411
9822385
18213939
13168670
13705844
14962189
1663729
13744867
942396
278472
302340
15971686
5430560
3901845
15897689
19442802
13055598
6625179
3288539
15971342
18544967
6206776
2600801
19840515
2665701
9660751
8317827
17619810
20005417
13625646
14959060
10240913
4936875
16177968
15047525
7725030
16871372
1899074
15598321
1300216
9200166
9578346
19294152
12485339
9568978
917815
15832372
4370636
2753385
1702668
14672054
15103256
5601406
11444803
2320028
7409769
12062485
63546
16763402
18970647
7399457
15806018
18810155
8753832
4757813
18850916
9494272
19658758
2930901
7155869
628116
14899955
4854417
2336098
14865705
17261022
855206
12660875
12977569
11597982
19786628
8390906
10915067
15985382
1076849
13233667
19466964
19816856
17281481
13829063
16309357
14115645
12963533
5413565
6904325
18536675
16440794
9778835
5315908
10689306
11361571
5505121
12170952
19363636
10544143
7472465
12849162
13567817
17015019
1970177
9915167
4973111
19263092
838992
434981
7851047
288141
18195959
3625248
12872981
6759527
19228794
8835084
19558810
7919096
17215858
7324815
18753735
10406676
7126996
16463827
8254444
986768
8906092
7342812
8533570
16318194
19103012
19803746
10173113
9310252
13788229
18846516
13252983
2659814
5727634
14495882
19816617
4694936
10537712
17937684
19216132
13597611
17080066
13586320
16538076
18452150
3067156
16249096
17146401
3839364
7269388
10629647
17006185
17264580
17615925
6242517
18970307
6345328
13146912
2170652
1900017
12924348
3533549
1983291
16114296
9957535
18483866
7397649
13993355
9854671
8843632
10550166
7081146
13184989
17008469
5023386
15867292
16738000
7551521
262455
6908140
4009191
17208327
14294035
13950732
3298296
15486009
18032013
19339336
15002673
1763680
17596162
10967749
15938938
14684011
39948
4613549
1360040
12653981
7091400
7450047
3772823
14893770
13599897
6553800
19726067
8945672
9217707
19788672
14252425
16737536
10967300
4358702
9967878
8732072
13547722
12984706
976491
6368035
12378489
2685940
8548445
12756674
2570599
2218767
44506
1634314
18737097
3518805
5413115
19167346
1342063
2379995
17267115
11860835
16301286
15216587
18418209
19777571
4071183
13356132
9087148
5052791
8540435
7339475
18068835
5669784
11962738
69755
16081134
5784056
3489484
16554288
4083306
16331974
14802796
13601150
17218433
7505015
3046943
12972141
13409447
16515446
13740409
1052656
16283830
12809567
267294
18683483
3780652
9789831
16436765
622410
3527379
1848342
4020619
854253
13451989
10779480
10027064
17946985
3620152
3377114
9739956
8551423
2051675
15727768
16151590
12916646
5662637
17207706
163809
19359839
2497598
14172102
1015969
1325889
16533921
1836598
7510455
3472949
4118921
6845274
9577006
13641909
237728
13634292
13332859
957218
8035441
19486022
3735754
11712896
15502575
18910131
4789883
6488280
18151976
19400167
1987673
19292130
291235
18911463
12117538
18823024
5659630
4302685
19227282
6421837
9851873
15602217
7345399
19781391
18870266
5665354
5394920
5768560
17854082
16110378
1449896
10445823
2363781
17168483
13670100
13413213
10261810
8646169
17956584
17569246
19848373
4276714
19732659
5523633
5373703
20020907
2521841
18852200
14684742
1767186
19590950
4946470
9227076
16579187
12763385
16225279
14880909
9747042
13569790
15173757
7644250
4880464
19495814
3430551
16119381
6515989
14367356
4627964
229130
1079845
13490152
11153954
17826827
14174460
14331279
8564426
12258654
18227315
9276756
7226854
5443717
4821814
19835014
2649834
16227472
1989795
15496929
13077651
20031954
13599316
5580498
3694643
12062257
1959024
2701991
16891165
14250495
14372311
767797
9066361
6410432
14913909
3120257
13071884
16458561
344964
16798165
9426153
17382818
4457654
19338047
19634067
13410276
14231418
16013940
19888077
18565752
13724781
3512113
4828341
10616245
10185053
13343870
18685079
5075441
9964799
9930506
12128940
17565321
5200961
17807307
13836521
15348903
1098894
9501604
7364217
18824820
7619989
8553193
18690788
4658579
16529846
17252521
19274462
12937558
18129659
2174189
6298805
16567518
2950760
10233626
19180935
3429057
9100796
9425588
17463623
759513
10709846
19837615
4736422
7316393
16023610
16237780
12076979
19506492
9804368
15049861
6257825
18222061
13940096
13123665
15630874
14413987
19769912
19116688
18695277
1070851
1934464
19542512
9912880
17130623
17876921
16412945
18083468
14358162
7873893
13513223
8775933
6312408
2768348
17991207
2967970
15985264
1347204
14231867
18408518
3351399
2123067
19274447
864031
16492125
15996911
7775924
17971071
17913233
19796115
18893726
13828152
1392535
13809771
18870561
1114281
17529549
6496138
5128233
2373838
7711899
6734476
5286916
13323675
6320875
7155263
9207655
14538224
12527655
19666294
19629669
5433165
6103444
14914022
12630697
15744271
10554070
18197853
18070253
4567955
14960863
14199840
12422878
13651422
16374602
8437749
16503382
429194
4853396
662387
19055241
17345953
2647534
13345687
18862081
13095971
19376045
19078808
9070242
15906784
18446582
3002414
16204583
19572959
19909999
16061958
3362454
3845859
11971445
16160189
4389856
14361172
16672982
4745823
16033923
10860601
16475483
15981913
2766316
19480939
9340120
9244009
1042371
5709246
450577
3754831
2041311
6371317
11452577
609559
5158053
10844076
1612766
14869440
16286016
612841
745576
14999631
13058154
8842667
16423080
310647
181759
19698439
18976224
14869063
10201497
4963795
3401753
16186120
1655291
5912043
6782687
19748535
5188927
17900983
4871016
13429731
13952384
6792702
5718736
1967148
13261609
9132731
568784
19343403
9928794
16880084
15458690
16450666
19513546
2781747
18643858
13372243
6242171
13833418
1181390
15177978
15375838
13852744
15098558
15536769
13557639
3781386
698514
7023950
10913565
3829450
8052046
12088888
13623671
14382293
20132493
18836545
12175173
7124356
13061487
19205492
13636428
5417539
13496129
9492265
18890188
18358573
11591276
7349421
19104606
16578883
18425868
3654070
5432503
7824983
6705558
8250694
17668626
18652599
7649468
7851877
14273960
18922897
1481040
16486561
18899809
16939501
1075250
8101434
11314461
15735530
19482695
6776297
6830430
14858779
10746511
6500206
16561990
18059550
15160268
18167652
18563817
17526482
17628666
19504586
13617449
19634121
17963336
13815093
16994535
1803866
18817404
14882650
13366850
559957
3109175
1109812
16270583
12580576
18887316
4603012
18698137
12486465
7890020
8439111
5831552
681361
18877341
3112321
16268781
19219648
13073001
311483
7700741
14832396
1166716
13819843
19063384
15140555
13985258
14383283
8988885
460036
19923369
6136617
2793004
287847
15419149
10310874
7561973
7510273
19035782
1787771
10209403
7534974
7310330
13424903
19343071
7837347
16783828
13391334
15333965
7646751
18320785
18645394
6707097
17106690
15492996
1750679
19748280
5258215
9394087
12969657
11175693
19619881
18682860
9768497
13057448
16065618
6109955
18374062
13556347
4712752
4469815
17474280
17018936
131711
4825903
19745146
9180300
17301645
3636324
9786132
18779144
19578359
14511519
6244643
1551288
16157122
16383744
8499719
8730247
15063184
11623369
5414718
19237392
14314088
3950205
2528859
15923165
4923633
156775
9919518
11649412
2866735
8342200
570188
5802367
9014320
15703528
12644781
17990713
14395786
12704001
9880913
5611422
12550943
6850519
15993472
15234771
7880295
2553811
19009625
14822480
18257442
19633351
19478923
3906676
13375771
15317727
15172147
12261030
15952701
12521102
15391726
9228558
19804496
16320883
13596290
14039222
423770
1136839
16484691
4728643
1095472
19325400
19518536
5583668
1671445
13969596
12709140
2294373
10945613
6074828
5449085
17567476
7816588
10925844
11007136
19173132
5127119
964224
17582165
13319327
16180252
9720196
9509145
16193729
4559096
12766866
17103740
9908719
16656707
12933658
12423988
10065056
2986015
16023241
18356670
10501039
12584072
5913706
17491472
13351125
8920988
19161316
19889352
1826701
6657217
10827062
6790550
5464767
6747399
2003283
17812303
13190773
12407464
13460498
3282723
6753988
19119276
6330758
16938992
14313626
782783
8176328
15563806
16467745
14563010
19572673
18697268
16793655
3549798
189436
2067809
2267177
141335
17051887
1881846
12140685
12880230
4637053
17971100
5850035
13846114
13714106
19881989
16950349
222913
6457362
14248946
990171
11171695
5478064
17348438
18267004
19345569
10732197
13492037
16078788
5361136
14228589
19762154
7596078
9615727
18818971
8418660
18162256
3556156
3354745
17739111
17363531
840632
489086
19271655
4660150
1628692
9886514
11522055
18560646
7487499
18984951
19369349
18913106
5260835
9800614
6612737
16349900
13017185
13837960
2439469
19693531
5279812
4149022
15846752
14826478
13709787
1603801
15234727
17914476
15936063
12117362
18329305
2744106
121731
18448336
3029898
2237071
1399803
18226843
15037036
9218142
8944180
19426856
13391157
8964669
2486688
2390356
18823584
2550261
5334780
7995078
10681362
16630594
17872085
17150899
14163497
16333928
1185884
14413014
17027267
5442313
3118009
19415207
18941744
8779306
9306772
18682488
8403378
13372818
4014803
15025211
15003754
19839283
8299408
7080332
6613111
739013
2728466
409666
17560353
14070967
1868701
19218806
15069171
7447525
10029983
17379734
659765
6985656
3756707
19119737
19874922
15948478
797196
9798518
4671471
16204549
18673993
6346203
9609514
18929227
10101113
14280624
543792
17783904
18944341
19123593
10830815
7368173
5666294
5238860
5199549
15983386
1506911
2413607
6390101
18520493
3826186
17521520
11405148
14264121
16890362
9586958
10001022
19455395
12927357
4987370
14329115
8127830
15230907
11450743
1586666
12792109
1180537
4849511
16159576
19136829
6115275
17838807
1406337
3650528
9031847
6723038
9161452
7264360
2457605
19202130
17515594
10461807
17476062
13475464
19253643
8859935
18126806
17925009
8100714
14983943
13869594
15408333
8265552
16595025
7067477
19708692
10498099
14205217
18803579
14225425
9485825
13734814
19374054
557051
16085227
3110159
16364958
8874223
4716454
5327446
7043961
18696176
3076529
9823806
17123657
14516582
15051553
12467619
13392569
4480574
15112124
3628190
2076338
10228252
17902970
19784355
19732558
19382116
3429765
16542244
16135355
5743169
14429513
11279898
244547
14768851
19050595
9764595
7047329
16347171
9446716
17239321
4987012
5284170
4444034
13888258
799836
18018874
3058100
19360987
8022623
17506262
19280634
9577556
3318920
12762416
7563493
7920250
19430931
9276634
20032666
16376198
802387
10359492
13172706
17020834
12801053
18224622
17524073
14312497
8686077
4294942
507972
12104509
11206278
16342310
19354290
19515575
14999670
9279049
13201969
2148844
13001671
19382136
519322
16820207
13612803
12131412
14021029
19857511
17584442
991396
746905
19551568
4792748
7554458
13062859
6340069
8009058
4025329
16071295
2780515
11934590
7826906
17972384
12593249
18005525
16107664
19842324
16598311
842890
2159701
2135041
13604189
15352489
19749045
8140626
5769606
12940346
18226089
12715891
15635802
6671805
13777301
17620361
13547040
10524983
12692416
18561618
18793184
9314888
3351546
18306365
13417410
19364847
13359416
62787
798938
9031081
582372
18726031
508292
17914688
13392844
14612006
19976981
7261130
18890398
11227558
16226573
8480877
17601297
17736265
197753
1326357
18612438
3217489
19591203
6328175
8981677
15111011
14125528
3657556
4920126
17301780
4995993
14224601
4208047
19732207
11526684
19068836
6375758
19533701
17880865
6035555
18626709
10402354
17808825
11118247
1306146
4058316
13378609
7756345
579530
12103406
2668879
5113910
5940268
11784991
16455201
5122518
63881
13004967
3241054
5977220
19884331
296142
6716160
7336637
14079634
17771824
1557859
10257468
4190611
16965968
6294559
250801
15934483
18412676
12272957
2365792
270177
8304576
6492449
16657247
12961407
9461660
2057480
7180449
12102684
4057361
2943449
18427422
16488624
18839277
10374434
5950920
16051694
6200457
1831227
17918321
538278
4031001
13502033
14327967
17976421
12250269
16405853
19445716
19528958
15270147
2985800
18515491
3447361
14297073
11791673
3736104
16872124
17584358
3142586
16644102
897836
11372087
18837695
16441015
13413139
16779356
60680
2205376
10868162
14789718
1587891
16516967
7483533
2931144
6908283
18018570
18383211
18239489
11718995
12645198
1445140
4499553
3249258
611320
6073079
19755889
14144000
10308241
16882360
15059042
19063498
16460734
2508043
13851614
19558926
1207010
1820935
7221598
767711
4353626
2434883
14470437
18467705
2677231
17317205
14672920
9710648
3924092
15698547
4233705
9574066
16311527
16309770
6025081
7541602
16071397
15604507
4473891
8202577
1946323
18650284
1189074
275271
18843750
3569312
15868639
6620407
15844616
15994498
12566147
11392254
16804769
12830516
10690980
16082193
9468386
4455004
2197673
2995687
6188415
8086658
14301964
12913397
2513670
1880464
12518098
18107404
592853
19381683
20068603
9752727
292121
13695878
13499231
18172904
18976668
18556486
18722146
2754776
16225602
14108775
3852988
10062215
1993951
13369118
14099929
14157950
13691493
19055618
2985070
19308597
13253772
6596237
16644722
818214
13388285
11314451
16320779
14232175
14275153
15979782
11269013
18485393
3251443
19582440
15798852
3501823
7587442
14526049
12147611
1745275
4463212
18718223
10117997
19908011
4568802
2651538
6651149
5546017
9759525
9760851
7662725
2316287
11507111
12967271
5771122
1362667
6139413
1271817
19040244
13906237
9364963
5267153
19585625
19381638
17829778
3819946
16850193
1842928
12705303
8981026
12595757
12826470
18353334
6013171
2683758
16283631
18685823
15014376
11395544
15296125
1984348
17139173
11350324
13878758
7420529
7912666
17251611
13245726
8039894
4064096
5897294
19054163
9774575
4659998
19804977
7733651
18635822
2201990
6658761
16963988
16805446
229216
12929858
364275
5996208
5391840
13935822
11935871
504933
12071639
14876164
13769545
9822101
9364750
15363717
18102879
1519621
13853138
13563137
8399098
665191
8485554
17233824
15725855
17083829
5515604
8414314
1318383
13375642
18671278
2036482
13449653
1327217
5012814
9499688
17841833
12980468
6821618
9502150
6883096
13458532
11545624
6938378
15637741
16370101
9777669
16419456
16740623
9458211
229501
7374390
19307310
13168560
10415001
10173271
2251009
2550518
11257211
6593436
19381048
6270767
6897854
19014145
9937307
207533
16541964
19317679
19760746
9792286
19328094
19543813
63610
15294207
10398809
3954385
6777949
6446230
16687716
18391509
15977000
299078
6674482
1577289
3339205
17857890
17537044
19287391
17273607
3296470
13921462
7493732
9325951
3329988
13972669
17216954
8020842
20080163
11414522
4143409
19029304
3240775
4373079
13669781
10385965
4396142
6519713
4262120
19760163
15092270
7465977
4061849
2750271
17219135
9822946
18035421
13783769
9251298
12075073
8852290
14272980
4716758
19309142
12580849
1813192
14018414
16436513
13121952
19884177
428180
18091187
19266200
19598850
15473471
6401500
15266140
7442418
8183619
11805189
9208275
16240166
13547859
6152775
13783960
9534843
1050450
9423448
653166
4602763
2657791
1205289
16853994
1632615
17344027
6059008
10681481
13783281
4824521
12264806
19400043
19009690
17495896
2875906
8553197
3601086
12568152
4160307
7153493
17944802
3600457
8220472
243229
11254296
11325431
16486379
8589351
16049375
6041639
15880603
6097144
19277187
2742838
20130992
14309364
12968365
8480519
18211683
12650830
13567547
14315887
13607776
9467900
18745708
16415802
4781097
10063091
5062856
14673576
16364810
15468790
10291568
19315902
18086415
13792017
17174082
4986296
16560728
2620926
19424902
13719547
587392
5550578
8950419
14104758
19093916
3753414
728498
347851
4100932
16909532
6163997
3701057
16910712
13231310
9235387
16178450
5692807
13597896
1336366
13891888
4726190
14479741
4674851
20066119
8820231
12718639
19560334
212371
8760829
13711232
7442009
2794734
9604615
11472
43219
1332545
7855045
6128961
18418666
13743929
791295
17316107
1290407
5680011
13597174
2574652
6763965
7035194
14094053
19134150
13862371
18929350
1970001
12823288
6403611
457400
7695180
17219587
19030481
19474629
13100305
5932092
13201693
2451449
187084
9642153
12350106
18928741
17580026
16629083
4553554
1380283
9672946
14189178
1064279
8335139
19293421
18823750
6697204
12873403
287492
12606676
8879089
18997233
18294238
19323689
647530
13069285
19583464
4886919
15386278
14895176
13148266
10782718
7185685
10205650
13632090
64842
11844481
15832932
11318735
3427711
590244
18564419
17160967
18225813
6376519
12319573
2909454
1307828
4664552
862890
2565087
2895574
7396662
19785625
4254859
17577678
17678601
10549889
16049253
5073322
7366912
1827525
14313578
12984978
256899
18427399
4739557
14215111
1836347
16381396
17187686
4549557
11711941
13311846
18929468
1024326
4031668
19814945
19246662
15299954
19703000
6897198
12634400
530091
19773130
4677300
14067366
4996306
1548734
12322150
14825848
13518196
13085685
14264
3495940
4254958
7173958
18701527
12531108
6052129
8138446
13581900
4896855
18998984
13756206
2114324
4587948
12024850
7905127
7555680
5237626
1306719
15803098
13108691
19115500
9989980
15966342
18871310
880469
11189682
8379934
18338709
11600486
4302666
16374702
1952271
15965406
18499856
9871315
3260798
6789114
15900864
20048699
2041143
6464738
3029762
15216703
15817294
2505474
19078143
17953548
9118568
19310196
12745392
17329049
16175456
8112988
8753092
19583847
9016677
6544718
18384540
16774236
9474735
15781214
17526211
12883172
19240332
18721852
4367104
16670570
13325192
19241383
4916150
15161340
19364351
11496584
16108700
6834881
17947906
19332247
9476759
6336917
19504449
19944617
17828167
9682651
7679996
8580082
13968076
1812111
19345175
13245648
12713950
562643
18983318
6662487
508163
15808759
4792430
9610781
12350516
19678865
7497447
14495422
12725315
19643198
6877595
13883154
10041722
13262533
10227359
16201857
18025859
1827470
2546917
9441613
16848231
13190453
5391249
10823189
66340
19320271
7499398
9685104
14577130
8545319
9037702
12141425
18273151
266787
6963715
8681776
7788126
14168386
13298312
12103155
18923821
17709532
2230095
263784
13086277
15906635
15181451
10522267
19094192
3523001
8866335
14831453
4350688
12706044
5238491
6723207
909868
3350583
9133502
9683421
11651694
14310054
2267989
17256125
908047
6234587
1381383
17470347
1489303
19433440
7543993
401569
7039547
16205877
9446954
13973316
13635489
1256186
4181221
1274995
8007627
4839832
1880539
4614137
19179961
1143342
19267169
10150882
18789860
9106735
19287226
15390005
14281151
771650
3107511
7887322
12000617
16765283
10405694
19870714
8480980
17856411
13443709
9107846
6058028
3148996
13685743
9691594
10460919
14434787
11876154
13888941
17741680
13484534
17316651
770169
17050578
17187870
13690400
16974063
18727709
10413990
629887
15667688
3895581
1044502
6102505
14157750
5235442
4168483
8145337
288043
16427373
9177217
15266049
3900133
8511404
1313325
8772365
19207933
323706
3470909
2831694
19404423
19592365
14090489
6185220
2829654
2057696
1148452
13136518
12371927
12091307
9805274
1296747
17534043
206916
13007629
4629359
8845839
18421099
8920424
773466
19331620
14359685
6292866
13149140
17533636
15749215
10270
7330488
7399370
16035645
970936
19190476
8962675
11154936
19537979
7883731
19797736
12470877
19362119
9071813
6255470
16254323
14181542
13324939
1318336
15159485
6565123
16001745
3939127
17316522
7002884
19899952
13818213
1246431
6258983
3743830
3403640
15813759
4514004
13100277
5115340
13116889
15987864
2710417
16893230
19455098
4067820
6407918
1795899
18245470
11766758
2135479
15755695
10666348
14352454
8239099
134671
8358011
4775095
19270081
5743730
12532162
16414567
2288401
12796391
19315900
14600873
7600385
13080165
18946102
7757101
4965322
13638823
18604071
18279995
7967829
17234283
11035450
14807279
17594492
4924590
4790148
957900
16662206
16735654
13192590
16226274
6005682
11140373
5384949
19449699
12379652
1347175
16405741
6589935
738425
4369546
17277132
8427940
18020906
7688088
7174897
11278661
7301774
16973851
16607130
19672530
17457271
7071030
16349645
19726689
13459944
16925105
16656866
19340562
16937434
2303088
17378242
18810348
19745476
12725523
3038482
16940628
16828663
3319101
19267338
1065631
4207403
19031546
17891846
668272
9723864
18282140
689956
17104025
18446890
1018529
10017163
6436065
6703091
10055764
8593656
14329182
19156459
11996622
7365429
10287680
13606449
1953454
5989968
1961937
738196
6592730
14511116
13616453
13338083
10452737
15873396
18314102
4344485
7336764
5912356
16787833
14275887
15219274
15359314
984455
15738078
15126686
16403992
12993201
15949915
8638592
19137931
13823903
13734168
9519090
3474966
8000657
9609108
7725829
16254746
14109500
284208
5383468
6175315
18067741
674620
19408089
3193556
19938460
2082729
14731804
6602982
13840774
12914726
793830
5889135
322974
11726295
19640913
18391393
6114526
14131244
12949540
19075635
7486891
2855648
13620407
6754789
3010103
11041696
8391132
14961026
18661317
5575742
19605581
14332856
1596250
15815532
17269244
7283645
12970013
9631175
17602306
12596988
14151590
12299619
16242506
16214903
3687952
3313285
554287
13653886
3866715
68765
4355138
18309683
13492298
4784740
2989520
13847303
19660325
6669143
12146169
16794900
14509379
16181929
9757762
2687132
4717237
5129342
2943270
18195540
16677570
6195929
4767431
16701618
16626797
16047202
15126948
2635711
1538666
6644136
3784781
2591345
14096813
9103619
20050322
1966819
3576882
19973925
14010651
5650752
9514861
12764378
16357721
10892442
14181226
13194852
317905
11292163
6175506
8758146
15888690
13162344
13951136
13797760
16299489
10581715
7274610
15646291
17854835
1866128
4074080
9506544
9973900
11348540
14051761
2422508
13588517
8184502
18721845
1823820
1512307
14752077
18110818
18607790
13656752
20030989
19829243
1289565
4968028
844682
8864859
1906596
15404358
11705576
11575101
6716218
17604354
16659501
13460398
2765061
4859418
879988
17011393
16234855
6129137
13061655
15617153
8876561
11388413
8066545
18385774
16651430
18111915
9715891
13074967
10701027
2375315
188661
17339800
17813329
13231155
8845441
14726699
4126452
4779859
10772764
4998308
6657028
3829261
15719905
13203733
1078402
7524205
1843149
3318524
16799331
18829017
2553291
1988823
13741654
13896763
1403827
6465603
13395031
19797495
12898562
17457534
4737529
18471276
18394441
19261955
13653592
4442949
14165919
8687237
2511917
801281
18370361
4774496
2138388
12322923
14359274
12792796
14840822
3201459
15515792
3263485
18593138
5606774
13396863
15945794
17281518
14416085
4855864
8887004
523123
4974765
13304178
17179484
5745083
18656229
761041
8749774
7433796
13358610
13420773
2956549
1095602
19806884
16452423
1821467
17184974
14986162
15921368
16448763
19814814
18547804
252076
18290944
13577090
13309925
13632834
13326299
10248407
15663646
8519352
5815036
12187394
6461349
17215410
17706711
13274608
4182844
18828433
6816845
5258459
2288227
33114
10802106
1107432
790431
18746795
6256060
12789555
4742102
6857867
5785579
18115425
16178357
10036763
17029287
14651089
3150919
13369877
982409
16664017
8505035
4792495
1031559
11562614
1038825
7499452
19682669
3375998
14796369
14501285
3958976
4764360
5594686
9074921
19260515
13031287
6246358
18692724
6254940
5786450
14335177
13825295
1259951
14373773
4353593
15810531
19620512
16018223
16158171
16294877
4182473
2562611
8377497
13873510
1900945
847648
263326
4525475
4586448
13519989
6566631
16656244
13052698
9349950
9558677
17728927
9364626
16807292
7348008
2407196
19307377
6874412
736640
19630271
6118050
3502314
5145241
16513698
4343401
7114665
19548861
14851019
5941597
7199393
2905136
867717
15598040
6273058
10801094
7187848
3845861
18986711
19978566
479118
15481982
19811196
9475952
3992096
2910836
18900954
12050897
4173664
17387135
12248711
11830936
19938599
2194160
13263234
17672475
3711860
6969032
754154
14366997
15395032
15069555
17143219
14989101
3711367
18330346
3352030
5440024
19405734
4020948
3283409
14846912
14101449
13889585
8872773
