2000
19624173
9083149
16919936
14197405
15527137
13412918
9340120
9662273
7411044
12562302
17318538
14740524
13442502
17260406
6739703
18533897
8191699
16425117
4530154
5047810
16120794
16122441
6594661
7345868
19102027
16466551
7711510
3439192
18057156
805527
5976200
16691091
17649666
11753199
9007489
625186
12916019
4779777
134087
16998955
2548823
2647885
13385786
13956913
6394678
6289165
7421930
7537486
7834031
17846198
5748956
7441692
13085902
308161
12142828
13950373
17368006
2065101
6932161
19465822
8143851
2915377
13403710
8782687
16036654
19408829
13555527
3901852
19777217
8837190
13395084
16427373
6250988
17635637
17444227
18733781
16708476
14895256
15899917
9172474
6164185
10621233
16565670
13846139
1798271
9973142
998138
8916112
8023158
2898497
18700086
8972908
19238424
16815953
4705670
7413699
19916303
19869809
7464331
19470172
19582744
3882485
14741470
13149412
16098987
474283
19593631
17860498
18790251
9484622
7939074
3708844
17145736
1645672
15230846
16234495
16514567
6740908
19838479
15156309
18173182
18852023
3288405
4415695
4724289
1502486
19445371
2784960
17400871
1358216
12801365
19514408
1467577
1254018
13766233
13559819
18644784
12760243
19419881
309092
14917666
8069316
17162975
541837
6384643
4522213
5235442
14007009
5575370
13678400
17984782
9672301
2600801
18151286
15818169
19235907
18795229
19031108
19783642
14079229
3693048
6492190
19796151
1174944
17128178
3686952
12689689
4523024
19947481
19780635
13263748
19700652
18140227
17900193
752952
5840993
14663838
14105445
16511067
6091393
396636
4895906
4329860
1379054
19042732
16434642
19305781
18029254
19354608
6904558
644833
1110935
3814363
6075178
6968529
7138341
15712745
11056199
15015134
10651879
1430650
7114622
15873150
19766327
7920250
13936888
14710115
11616592
16964395
18634847
17042553
12088201
6139173
14472385
9251232
5606587
8309731
6489929
12356663
7374173
8647588
3539656
9030337
9768563
15742303
3339514
13483856
13810994
12084272
18715285
16028015
13227605
8562761
18017423
18853133
7883220
6205978
17899365
17838439
19247305
17398930
13153321
1821889
10521901
15114574
751197
5668311
2458811
8694845
13533129
12992308
6733585
6150252
831911
6086877
8388278
5141375
15126957
7673056
17255024
11812759
8732244
15352735
18429962
8164402
13764269
8879256
5858605
7100238
3317737
18470564
19941698
189732
2211890
18482665
15962506
19976000
12336386
8567307
17609785
8838336
13364528
12528419
11675341
17477516
7737369
1307478
15065651
2200263
2077405
3079073
18393478
9787046
13922950
2668151
19885706
4123922
2520075
7241020
19188941
11742686
3421334
12818235
16948877
14911111
6937480
15545274
1903198
13047070
16220406
942877
17936090
10501039
16844643
18997794
547795
4247920
2046015
16842856
19666403
9819434
15047461
17211749
9093038
11848
20088040
14060571
17888237
2020256
17187942
13529753
14350314
16454063
18564955
10395558
20026818
16450666
2921383
19642174
15159758
12361027
14054064
14505028
13423375
2367835
10263674
16388265
1062007
17628297
10097775
7233039
4927853
16389992
13387005
13996914
17432320
9107681
11605862
12153866
6583745
11715904
7498194
5929664
13936824
633505
19202213
2475029
19442802
17774060
13439828
19212370
15202245
4438931
19352459
2400073
13371224
2080861
15950581
17819549
4823164
19985332
18461005
16279292
13434030
5862030
15364738
15990623
19544274
9915554
15885980
16755450
288224
16293378
7688890
3327615
877450
14052751
1997901
3519515
14918404
6141561
12250269
4428101
11586347
6190559
547027
5913764
1017520
9332926
1790648
4521176
19633939
1060386
7214528
15510157
13246879
12541209
7215260
19314623
3450265
9306772
2439735
9315559
19504330
16599528
15899509
19136086
12071049
9536337
18628912
7693208
7234775
18552795
11888497
2756759
8973292
9764693
15507248
18052323
14467550
17257339
3005657
10016652
861721
3354636
3418395
13071845
10516610
19108816
16892151
13694427
16283739
9861747
851420
13914961
14126091
11179453
11392759
6195126
5849755
2604867
10305534
7772889
3664439
8186436
1313325
19796857
9318083
13510771
3004893
4437790
13704607
17156103
15595576
17892541
17858824
752202
19449238
3927871
17177059
838677
3371003
449130
8734259
16015061
3127839
2009554
7496824
9071813
19836525
14274748
20115907
19297982
11130399
16261522
3400739
18499074
5799988
15133392
13746257
17492639
19308804
12696236
4963855
9272516
13342183
15821776
16275257
19790690
8969760
230124
233110
9936805
18517477
4664552
9935510
4464871
15883174
10140368
1863901
18684438
10753941
2469602
4786334
8704710
13248968
17702916
540057
18049856
5963542
4626179
10586622
6321144
12144324
16417636
18753279
8068958
105210
16803000
2891649
7576489
13987302
16740732
12260009
19824554
5810931
19922078
9231791
16703093
4556583
4841431
3669609
3659504
3377111
18892793
9028013
19624896
2073054
5625857
5094457
20096759
18507362
2698645
13139454
19083669
174966
19527046
1251653
11156918
3218133
6721408
18111260
10448685
4357134
9168009
19269793
395613
15626108
17415553
19270084
3517754
1040649
19294938
19189126
18072354
9045469
11974141
9271939
6102505
7693963
12059918
11265
17698990
15771581
456425
16264592
8729500
14426691
2098338
13244377
6156068
9338562
582700
1529759
17905460
13396845
4866444
6588947
7858164
4119513
3430612
7887322
6038586
16036518
5564475
19836772
4537520
4796255
9611586
17340512
759901
16484165
18576634
11385244
10056541
18675599
3337560
982409
15447351
19694463
19964988
6740105
4505199
14608631
18742674
9707137
18580207
4319894
17682143
582574
17077493
6533050
14493705
12215559
2446436
2198164
1335510
15907696
9120343
19797033
3411247
10353426
4216026
7553689
13899267
89621
1056402
14229118
15301966
5458171
6075182
2714887
6942318
12097904
6046676
16388711
14901299
18970647
16107558
3651087
6638779
18195852
17213517
8914494
12693026
7974932
2041844
4032830
13738209
9633282
11708880
7404747
6791512
7168257
17184359
11186860
6686332
19097678
9475156
19158635
2781354
17810481
6756321
16278936
1999041
599067
409939
19704255
1980897
6980091
19599040
1476069
2872956
17573501
6674482
18174955
8231569
8761854
764753
9656680
10148203
16450351
15564416
797012
16324689
11490601
16518515
4662158
9019941
9502150
2623657
16357082
13435919
16333949
17239072
12645936
840641
19589214
14130927
15881622
18949089
13147382
16338348
14101661
19767282
1666106
4310949
19468543
8262502
2544154
5755117
13930975
18703329
18960885
19212985
3056748
14530530
7452244
9707531
6244089
4836689
4635374
16722619
18431817
18681060
9403653
2947778
40519
20051914
19103780
18386075
9069114
19752446
474684
3296907
13255537
13062471
17697224
19826980
4020583
4225667
44161
12419906
14589437
2762930
3552032
18199066
968921
19284991
17684067
13208685
20005484
1182138
11362569
2151754
8903395
19242572
12953220
17783892
7212576
6461904
8547627
6271152
18972149
2898440
18926599
14541418
6279931
11858737
9985463
7543993
598871
14417280
17751226
19929669
12341856
14272725
17650876
17379275
14298062
6983102
8262133
15567176
13798832
2471815
15644360
7442357
9367071
4268409
2690465
16144266
19880679
4496316
1132709
19186503
7505900
16932194
8311762
3222038
10117649
6968145
16350470
19023770
12857918
19320171
7199258
7177958
7144861
13594204
854726
15127726
17281922
12442973
15907668
19501562
657739
5914715
10856503
19905891
17585139
19429287
10536941
12707397
4641307
7294049
19490302
3957499
19994887
15938938
8513672
8375133
1242180
14833949
3171493
4131164
820694
18355912
5168358
19786228
6145557
4095854
710243
10555485
10495245
5782006
20014316
14153494
960210
12690961
16999677
8839812
1910270
14797029
2378126
287492
15875061
15442858
14014273
16947399
7289697
18323412
14957460
6113524
1581466
17197324
3951627
19096277
5497258
4480574
2187062
4524568
6574156
17554901
13614978
20081007
15462775
17476990
11645186
4329318
16794892
12335361
19588523
3562010
19172317
14769370
19281361
12721275
6259417
7192724
12923927
16429132
10748978
2328782
1197284
7602858
13083988
3523624
14314044
3981516
5679162
18742431
5801207
4853437
19579248
13799436
2516770
19641335
4376157
4814986
15238366
6339935
9512696
1788553
14352275
20066908
8504837
1509769
15448497
16629558
14025315
153877
8105926
3614159
854736
17794217
11219257
4862095
17261524
3005990
13417267
3694500
4347655
17603128
2207106
17667112
957015
6855885
16855507
7672709
14795063
1998879
18526310
13741686
13010378
9786464
13521472
9016887
6316005
11643796
17182584
2782171
9253599
6830656
2207234
16204021
17587747
19609896
18022038
4456997
694780
4252861
7293321
4366115
1838055
15795161
19289898
16323213
19715333
9471715
8957706
13880742
9407430
14201446
18288371
16756579
16527296
16293886
9738044
19841872
3074868
7145532
12872882
18392003
4432878
1971540
6428854
5975559
18981234
11575453
13135822
10250135
12888658
15544672
18342661
7121255
13144134
5323030
17168446
16334684
15073845
8830123
6822443
14534498
19230313
18402156
897110
17759953
7292552
8337373
13805464
10512812
19360987
14181086
9792741
1401724
12589386
18875036
13019720
16404329
593041
19406692
7358874
393289
14823777
7736961
18651269
19666627
9609825
2651196
6473906
15014376
3085161
18102822
4549555
9450180
1430881
11490744
13088646
18671278
63003
13268125
16683949
15194434
7195473
18417142
1911450
17023211
16475278
8451672
2023774
7769763
5497129
17210810
6521510
19218806
8455450
19712672
15079882
13511037
7557382
16544171
1404282
7034057
469647
8099589
12652939
18918157
5695754
7694833
2713935
14484749
15550357
4482158
13646741
8384054
3474948
13332206
4399870
16564641
15488993
17717067
6868398
6254815
4569314
18135409
6147519
7210603
576916
4547042
19571428
14162498
9091373
25696
7289822
18923803
341130
9944013
15355295
18550385
7559064
17459507
2250101
9169577
14935064
7382005
8783094
19816529
6314008
4313348
9704
8501370
5001090
5820629
8679400
1953816
18971993
19989560
533731
936218
11634797
16654808
4590619
6118116
10760200
14596032
6314972
16066469
4960395
16878672
19686207
18621982
12099429
17728835
20041141
13556289
10084117
12685207
4771229
19228794
16851427
14566824
7450062
14303304
3288539
704793
4072898
8253932
19575897
5893435
9903841
19582548
10572748
12028733
303345
18171688
8767438
13951783
3005788
19310693
4058636
17101218
8066076
12050080
11575073
6426292
3135025
5871372
16052443
4779978
16889636
18700977
20013354
6358950
7184695
5606774
8961507
9252249
7165975
5286852
2024537
2524485
13040743
12804073
19692555
19456148
13856762
13279806
2868736
14872249
16708495
7541444
2611759
19037002
18603142
6458029
1744559
15659973
14685276
17556436
16345781
9777581
5015036
9326102
12939017
6115540
18254405
15988992
3549841
10544617
7276781
15852423
9671115
9264919
984767
6155774
12559768
13951359
393722
17959214
12143260
6991910
9176602
4712864
6208106
1399187
634896
10900130
12574777
15097414
8137415
7728510
2060064
11302215
7936602
18476503
5882666
13757925
4930951
3389725
5567278
19791924
12644009
5349837
54562
9582570
19919687
4638288
16344365
9007617
15556567
13550684
15982033
14167287
18547990
13555114
10769269
17587388
12694968
18304481
14100743
7079256
14297956
13755429
4646429
16498955
9843884
19004763
17772925
2828169
2684135
3825165
17523505
6408366
11650972
2771141
19362079
1829924
19538307
18020988
8972957
17211908
13522564
6964889
18665120
15043726
19522918
783206
8750901
7472289
13201706
13945666
4881872
13412161
19735513
700340
14408309
12699499
3649769
5470215
5804451
13116327
1500595
17388041
9693492
6947658
5766728
943903
11798334
15492996
9429038
7363215
17823360
19583258
17849335
10925309
11631863
18143648
933347
16597112
2707704
18678326
16048006
6953159
6293815
17979042
15986090
9476033
7921666
5033942
179817
747874
6215984
9969914
14503774
17042097
19591253
12743882
12396344
9682571
2049390
7656966
5517560
17976421
7395600
8467339
10381910
18470306
15599967
5766499
5338581
14055257
16290974
14280299
11745737
13952801
13055160
5925610
18339318
4274601
13924018
19320272
17030293
13623891
15729317
4058821
18735706
12949605
11226353
13823991
17184146
1384920
6015401
18025859
8108376
7099638
12487879
16762584
15642390
1141583
426008
4899347
7954892
18274721
18796229
16982009
13781978
2771597
8939341
8768634
13931542
13617874
1242675
13991459
13652851
15519637
17341628
4921093
17700738
13620588
15040672
13431099
9787505
14323803
18055899
11892986
7386730
13465453
13228599
7994633
4853105
13950242
19432119
3280858
9914529
3573059
15927175
18676524
3548374
5293899
1163380
9856791
5218339
6390092
18503701
8366333
8208950
7461720
19176533
13813438
15461942
15532613
13152339
17245733
11603437
3434303
15849034
9751043
19596151
13392646
9653522
14654118
13205892
19272890
14493193
1386629
14425833
18489061
16425680
16328385
7267835
2626457
2792974
5427632
1885385
11738319
14295885
7520873
4271132
5189839
5587216
764103
10096086
18614498
18582592
5383005
19308716
13249139
15444223
18874176
923798
17611413
17778147
9970462
7113069
1496430
10542231
8925731
17315328
18817417
396830
2785613
1445140
12961752
3400110
14156789
4824146
13611526
14023004
7053815
13351777
12674046
19760103
19557398
16302869
12325381
17215427
16169445
15360924
19842336
16105947
18321712
19055816
17544624
4201526
18648087
5172070
14451119
14141448
16872793
13634247
17367187
18254314
18369084
14785817
13672150
19267169
15986453
5320983
19750905
9735494
19799335
4275803
2628503
30969
10066271
10874325
8510544
6210740
13247385
18728249
4424460
8172995
7199899
4235530
19485139
6470658
17714893
19386639
7123172
14601777
5127119
3830715
4390407
4829652
1052706
19126738
17975101
2018602
10209283
10845993
9026516
19605463
1516759
1171170
3285381
18057771
6597952
12502789
16950349
14857222
12843633
1324257
3833538
6276574
5475870
11974165
4659845
13954982
15882605
11868417
12508474
12637554
1979579
6322501
9880075
17913394
13975040
1426787
17960577
3341271
8322417
19203828
7399457
13530861
15835247
8932519
17297467
2335269
19458452
16488481
13676700
9736227
14839485
17466943
1338967
19515679
5345310
7260479
15916561
10339291
15736079
1064575
4108547
19379325
5974515
13820483
832549
10308738
18993115
5990641
19738250
4466376
19621523
19033163
18981582
10774
10351331
1760898
2145858
16893868
4209988
15608918
4608947
14616377
10827528
886807
10041762
9539695
12857829
18710530
19330743
6037924
6756543
19398935
5426146
10708986
19056511
1660971
18211576
3377114
7420849
16503488
19269104
3275604
12722587
13009832
5562920
13421979
701375
6450789
11470470
18162256
3495746
2569251
6662471
13009244
11834131
13623762
14134833
2574661
3188951
11061949
4931132
19766513
1061337
9478196
13787754
6711306
8747160
1291013
3503477
7630465
642294
7949419
13375952
9745819
13157147
13575856
12648471
7430570
15265721
19239064
19049511
12936207
9180554
6904325
14310017
12358117
15184656
16643417
5830080
13637417
12708311
12302170
20103389
13890321
5019465
13756206
9441613
3403521
18955158
15298619
2314275
11369496
11027807
1546518
5740147
11319105
19550838
13972669
14200184
2058937
17361858
13950158
15371571
16530395
12630490
2563440
15415261
17552294
17139128
14120153
173734
6425751
4692541
2040000
8725736
10633304
921340
12830452
8269136
15396968
18740898
15827726
2961448
611387
2727955
5129000
398682
3497198
2828271
17788944
19605390
2049756
2989783
11840771
9974135
12795100
14801621
16858770
6907485
15826918
2115530
17661211
10583980
15084304
19403480
874577
6523285
10813133
13875981
18784102
9844892
8035797
1277801
14065891
1586576
1338468
7797584
17935154
3185829
12154592
4469679
16671902
14197982
19907267
4218929
9107359
18051547
18967060
12171619
19320025
16005905
14551332
13187334
12045639
16817480
16622143
2674267
11785038
3244360
16702610
8895659
17458216
12721908
5654383
16391198
3404672
7167211
17922860
17862241
4987929
12268056
8015343
8719342
18334709
13916105
16992430
3712330
16867912
10360343
2760689
2561916
14034327
16388756
16449169
11835733
746983
8840596
12576117
18410914
20011273
9252632
8687588
1019111
7240997
19347858
16393331
8855457
18674204
7207568
19456663
7177666
504207
19903781
7805188
17239321
17074913
3547634
8941545
12282583
18374062
16372709
6438239
11017363
2665579
13709145
9755798
10540910
7841464
7310097
10909389
8606964
2914639
2877531
18941234
13616459
13822795
17487361
5691755
1286978
16307603
5158254
2547198
16027966
15857916
19165048
1355389
10536346
8536270
7795889
6668981
15119333
17568681
14330932
18521306
19542512
13461881
19374889
19450695
19502884
948257
10425572
19037243
2064010
831314
2744645
13660395
18521092
7087255
4948720
10704411
15253066
19269804
4196118
7802086
17598994
11668771
16465282
14926638
16242067
11605411
16703503
16375630
16331836
13907440
17374980
7413682
10883683
14451244
9948569
14869440
380923
19475567
14082512
4385457
16205941
4974298
2838331
486902
4969673
6707607
2820988
12384656
484504
2201859
17300413
4550936
19632645
18265260
8288098
369831
5780755
16548112
19678682
18121721
9331809
13829063
11944174
20047162
16294408
10011586
8298858
19637270
9449888
291812
17177931
16858328
18983447
10356764
18918149
15397048
18878260
17649138
11046927
13389082
16447499
4289301
13531291
7688481
16796255
17764667
6300000
16471707
10496738
3205683
3558574
14998530
4645221
14125013
